AP823     APRSWXNE    230.00    188.00    540.00     64.87   -147.17    -9
C8873     APRSWXNE    291.00    188.00    540.00     61.29   -149.41    -9
BKLA2     RAWS        122.00    188.00    540.00     65.91   -160.87    -9
ANIA2     MesoWest     24.00    195.00    540.00     61.58   -159.57    -9
SPCA2     RAWS        280.00    195.00    540.00     59.66   -135.27    -9
SOUA2     HADS        184.00    195.00    540.00     55.83   -130.18    -9
KKEA2     RAWS        122.00    195.00    540.00     56.97   -133.66    -9
N25KX     MesoWest   1087.00    188.00    540.00     61.61   -144.60    -9
Q32MX     MesoWest   1951.00    195.00    540.00     58.96   -132.27    -8
S12KX     MesoWest    411.00    188.00    540.00     55.70   -162.06    -9
AMBA2     MesoWest     24.00    195.00    540.00     61.58   -159.58    -9
CREA2     RAWS       1597.00    195.00    540.00     62.12   -141.85    -9
SJLA2     AKDOT       189.00    195.00    540.00     60.52   -150.21    -9
E29MX     MesoWest    324.00    195.00    540.00     68.39   -137.90    -8
KNAA2     RAWS        141.00    195.00    540.00     60.60   -150.31    -9
M30MX     MesoWest    782.00    188.00    540.00     62.58   -136.79    -8
DHWA2     RAWS        668.00    195.00    540.00     59.09   -138.21    -9
NMTA2     NOS-NWLO      0.00    188.00    540.00     64.50   -165.43    -9
JUNEU     AWS          15.00    188.00    540.00     58.37   -134.59    -9
VWSA2     APRSWXNE     15.00    195.00    540.00     61.14   -146.37    -9
VWSA2     MesoWest      8.00    188.00    540.00     61.13   -146.35    -9
GCRA2     MesoWest    213.00    195.00    540.00     60.26   -149.34    -9
RUFA2     AKDOT       115.00    195.00    540.00     60.49   -150.00    -9
IKPA2     HADS         45.00    195.00    540.00     69.77   -154.66    -9
TKVA2     MesoWest    259.00    195.00    540.00     62.63   -150.78    -9
BLAA2     RAWS         29.00    195.00    540.00     56.91   -157.03    -9
CPBA2     APRSWXNE      5.00    195.00    540.00     53.85   -166.57    -9
G30MX     MesoWest    739.00    195.00    540.00     66.98   -136.22    -8
MMRA2     APRSWXNE   1372.00    195.00    540.00     61.78   -149.25    -9
N17KX     MesoWest    350.00    188.00    540.00     60.53   -157.19    -9
MDBA2     HADS         17.00    195.00    540.00     60.67   -144.74    -9
C9120     APRSWXNE      8.00    188.00    540.00     54.05   -128.67    -8
HOMX      MesoWest    221.00    188.00    540.00     59.66   -151.65    -9
D3151     APRSWXNE     11.00    188.00    540.00     57.46   -152.46    -9
H20KX     MesoWest    514.00    195.00    540.00     65.49   -154.88    -9
LMHA2     RAWS        226.00    195.00    540.00     63.89   -152.31    -9
HBHA2     APRSWXNE      5.00    188.00    540.00     59.60   -151.41    -9
SHKA2     RAWS        564.00    188.00    540.00     64.63   -159.90    -9
FYRA2     RAWS        142.00    195.00    540.00     66.57   -145.25    -9
TETA2     RAWS        734.00    195.00    540.00     62.59   -142.06    -9
ANCHR     AWS          55.00    188.00    540.00     57.45   -152.35    -9
STWA2     MesoWest   1128.00    195.00    540.00     60.55   -149.53    -9
YESA2     MesoWest    469.00    195.00    540.00     60.96   -149.09    -9
GOTA2     RAWS        892.00    195.00    540.00     59.53   -135.18    -9
MHPA2     APRSWXNE     30.00    188.00    540.00     56.70   -132.94    -9
RAMA2     RAWS       1252.00    195.00    540.00     67.62   -154.34    -9
SCSA2     HADS         40.00    195.00    540.00     57.05   -135.23    -9
T35MX     MesoWest    609.00    188.00    540.00     56.98   -130.25    -8
N15KX     MesoWest    449.00    188.00    540.00     60.17   -160.09    -9
J17KX     MesoWest    323.00    195.00    540.00     63.40   -159.08    -9
M16KX     MesoWest    394.00    195.00    540.00     61.02   -158.96    -9
ERVA2     RAWS        113.00    195.00    540.00     61.27   -149.37    -9
BLTA2     RAWS          9.00    195.00    540.00     58.46   -135.89    -9
MAPA2     AK-Meso     408.00    188.00    540.00     63.97   -145.71    -9
SRYA2     HADS         38.00    195.00    540.00     59.59   -139.49    -9
KAIA2     RAWS         34.00    195.00    540.00     64.43   -158.11    -9
PEDA2     RAWS        191.00    195.00    540.00     59.89   -149.73    -9
RC01X     MesoWest    390.00    188.00    540.00     61.09   -149.74    -9
ESIA2     MesoWest     15.00    195.00    540.00     60.79   -148.09    -9
HHWA2     AKDOT        49.00    195.00    540.00     59.42   -135.93    -9
E9311     APRSWXNE    305.00    188.00    540.00     61.07   -149.76    -9
M19KX     MesoWest    521.00    188.00    540.00     61.90   -154.39    -9
NKNA2     MesoWest     31.00    195.00    540.00     58.67   -156.57    -9
WLDA2     MesoWest    117.00    195.00    540.00     55.33   -131.53    -9
JDYA2     HADS         13.00    195.00    540.00     70.22   -151.83    -9
L16KX     MesoWest    227.00    195.00    540.00     61.71   -159.47    -9
HMSA2     AJKNDBC       5.00    195.00    540.00     59.60   -151.42    -9
TRTA2     HADS        157.00    195.00    540.00     62.35   -150.02    -9
SKLA2     HADS         62.00    195.00    540.00     60.47   -150.60    -9
GMTA2     AKDOT       986.00    195.00    540.00     61.83   -147.41    -9
TT428     RAWS        650.00    195.00    540.00     64.74   -146.78    -9
IMYA2     RAWS       1088.00    195.00    540.00     67.55   -157.07    -9
C24KX     MesoWest    115.00    188.00    540.00     69.72   -148.70    -9
LLKA2     MesoWest    259.00    195.00    540.00     58.19   -133.83    -9
FAFA2     RAWS        615.00    195.00    540.00     59.11   -154.84    -9
BRFA2     APRSWXNE     17.00    188.00    540.00     58.56   -155.78    -9
I30MX     MesoWest   1399.00    195.00    540.00     65.22   -136.38    -8
GRAA2     RAWS        204.00    195.00    540.00     60.73   -149.29    -9
TFTA2     AKDOT       418.00    195.00    540.00     64.28   -146.28    -9
MRJA2     AKDOT       536.00    195.00    540.00     58.30   -134.39    -9
O28MX     MesoWest   2622.00    188.00    540.00     60.77   -140.19    -8
KAUA2     RAWS        758.00    195.00    540.00     67.57   -158.43    -9
HDOA2     RAWS        456.00    195.00    540.00     65.59   -163.41    -9
GWSA2     AKDOT        87.00    195.00    540.00     61.31   -149.58    -9
P23KX     MesoWest    287.00    188.00    540.00     60.00   -147.40    -9
JFBA2     MISC         41.00    195.00    540.00     58.30   -134.43    -9
JFBA2     MesoWest     41.00    195.00    540.00     58.30   -134.42    -9
SSNX      MesoWest   1306.00    188.00    540.00     61.46   -150.75    -9
THNA2     AKDOT        10.00    195.00    540.00     58.28   -134.37    -9
B20KX     MesoWest     74.00    188.00    540.00     70.01   -157.16    -9
JRCA2     MISC         10.00    195.00    540.00     58.36   -134.57    -9
SVRA2     RAWS          7.00    195.00    540.00     59.98   -152.67    -9
E0760     APRSWXNE      6.00    188.00    540.00     60.79   -161.75    -9
Q17KX     MesoWest   1165.00    188.00    540.00     58.26   -155.89    -9
MNOA2     RAWS        247.00    195.00    540.00     67.14   -162.99    -9
TS988     RAWS        698.00    195.00    540.00     65.17   -148.10    -9
E3362     APRSWXNE    121.00    188.00    540.00     52.72    174.12    -9
UHSA2     APRSWXNE    420.00    188.00    540.00     61.12   -149.72    -9
CBHA2     APRSWXNE      5.00    188.00    540.00     60.54   -145.77    -9
N14KX     MesoWest     21.00    195.00    540.00     59.92   -161.69    -9
KTZA2     RAWS        300.00    195.00    540.00     68.07   -158.70    -9
LCHA2     MesoWest    610.00    195.00    540.00     65.12   -146.73    -9
BCHA2     AKDOT       264.00    188.00    540.00     64.32   -146.69    -9
UCEA2     MesoWest    869.00    195.00    540.00     65.10   -144.93    -9
M13KX     MesoWest      9.00    188.00    540.00     60.41   -163.35    -9
TR858     RAWS        107.00    195.00    540.00     52.43   -141.29    -9
DTLA2     AKDOT       449.00    188.00    540.00     63.65   -144.05    -9
ERDA2     APRSWXNE    101.00    188.00    540.00     61.30   -149.53    -9
TR602     RAWS        122.00    195.00    540.00     66.57   -145.25    -9
SAXA2     APRSWXNE     25.00    188.00    540.00     55.32   -131.60    -9
NABA2     HADS        553.00    195.00    540.00     62.79   -142.17    -9
GOBA2     MesoWest    619.00    195.00    540.00     66.75   -150.67    -9
EAGA2     MesoWest   1113.00    195.00    540.00     65.49   -145.41    -9
E1190     APRSWXNE    198.00    188.00    540.00     61.13   -149.76    -9
KPHA2     MesoWest     26.00    195.00    540.00     55.34   -131.63    -9
TSAQ2     MesoWest   1363.00    195.00    540.00     54.65   -127.67    -8
FAOA2     APRSWXNE    182.00    188.00    540.00     64.86   -147.85    -9
O15KX     MesoWest    306.00    195.00    540.00     59.18   -159.82    -9
JOHA2     MesoWest      8.00    195.00    540.00     64.56   -164.29    -9
JBRA2     RAWS         80.00    195.00    540.00     61.38   -149.65    -9
UNRA2     HADS        420.00    195.00    540.00     59.68   -150.70    -9
NDIA2     MISC         45.00    195.00    540.00     58.34   -134.56    -9
NDIA2     MesoWest     45.00    188.00    540.00     58.34   -134.56    -9
SNEA2     MISC         18.00    195.00    540.00     58.14   -133.73    -9
SNEA2     MesoWest     18.00    195.00    540.00     58.14   -133.73    -9
S31KX     MesoWest     34.00    195.00    540.00     57.96   -136.23    -9
BGQA2     RAWS         53.00    195.00    540.00     61.52   -149.91    -9
BGMQ9     MesoWest    480.00    195.00    540.00     62.57   -137.02    -8
KAVA2     RAWS         72.00    195.00    540.00     67.14   -159.05    -9
SHIA2     HADS        254.00    195.00    540.00     61.23   -149.63    -9
BVRQ9     MesoWest    330.00    195.00    540.00     65.23   -128.57    -7
M27KX     MesoWest   1536.00    195.00    540.00     62.36   -141.88    -9
M24KX     MesoWest    908.00    188.00    540.00     62.11   -146.17    -9
SOLA2     AKDOT        79.00    195.00    540.00     60.46   -151.10    -9
ITKA2     NOS-NWLO      0.00    188.00    540.00     57.05   -135.34    -9
FTSA2     AKDOT       414.00    188.00    540.00     60.64   -149.50    -9
HKLA2     AKDOT        79.00    195.00    540.00     61.58   -149.74    -9
PMHA2     APRSWXNE    322.00    195.00    540.00     61.06   -149.76    -9
DVLA2     RAWS         87.00    195.00    540.00     66.28   -164.53    -9
BREA2     AKDOT       151.00    195.00    540.00     64.77   -147.35    -9
E19KX     MesoWest    441.00    195.00    540.00     67.46   -157.23    -9
KIAA2     HADS         21.00    195.00    540.00     66.97   -160.13    -9
PRBA2     MesoWest      9.00    195.00    540.00     70.27   -148.57    -9
ZMBA2     RAWS        274.00    195.00    540.00     56.30   -132.85    -9
TAHA2     RAWS        294.00    195.00    540.00     67.55   -163.57    -9
BHCRU     MesoWest    150.00    195.00    540.00     49.57   -125.20    -8
NRBA2     AKDOT        30.00    195.00    540.00     60.05   -151.66    -9
JMTA2     APRSWXNE    260.00    188.00    540.00     66.82   -150.66    -9
JMTA2     HADS        260.00    195.00    540.00     66.82   -150.66    -9
VGSA2     HADS         70.00    195.00    540.00     61.15   -146.17    -9
F21KX     MesoWest    597.00    188.00    540.00     67.22   -153.48    -9
UPRA2     RAWS       1114.00    195.00    540.00     64.52   -143.20    -9
VDZAK     MesoWest   1829.00    188.00    540.00     61.24   -146.25    -9
HDAX      MesoWest    437.00    188.00    540.00     64.41   -146.95    -9
FOFA2     MesoWest    137.00    195.00    540.00     64.85   -147.80    -9
SNOA2     HADS        164.00    195.00    540.00     60.29   -149.34    -9
HZLA2     MesoWest     63.00    195.00    540.00     65.20   -156.63    -9
I17KX     MesoWest    105.00    188.00    540.00     63.89   -160.70    -9
TKFA2     RAWS        519.00    195.00    540.00     63.33   -143.00    -9
CBKA2     RAWS         48.00    195.00    540.00     61.16   -149.80    -9
RXBA2     AKDOT       236.00    195.00    540.00     64.22   -149.28    -9
C17KX     MesoWest    498.00    188.00    540.00     68.48   -163.18    -9
GDWA2     RAWS         53.00    195.00    540.00     60.97   -149.12    -9
E25KX     MesoWest    652.00    188.00    540.00     68.12   -145.57    -9
JDTA2     MesoWest      5.00    195.00    540.00     58.30   -134.41    -9
STUA2     RAWS        470.00    195.00    540.00     64.72   -146.50    -9
MXYA2     HADS        422.00    195.00    540.00     61.43   -142.94    -9
SSIA2     RAWS        556.00    195.00    540.00     68.00   -160.40    -9
NKOA2     RAWS        284.00    195.00    540.00     63.38   -158.82    -9
D27MX     MesoWest    896.00    195.00    540.00     69.24   -140.96    -8
FRBA2     RAWS        137.00    195.00    540.00     64.85   -147.57    -9
M20KX     MesoWest   1107.00    188.00    540.00     61.88   -153.13    -9
F15KX     MesoWest    388.00    195.00    540.00     65.71   -164.65    -9
RDDA2     NOS-NWLO      0.00    188.00    540.00     67.58   -164.06    -9
B18KX     MesoWest    222.00    195.00    540.00     69.36   -161.80    -9
TS592     RAWS        298.00    195.00    540.00     61.73   -148.82    -9
G27KX     MesoWest    686.00    188.00    540.00     66.81   -141.65    -9
PPSA2     MesoWest    670.00    195.00    540.00     58.26   -134.52    -9
E8346     APRSWXNE     77.00    188.00    540.00     61.10   -149.83    -9
E21KX     MesoWest    653.00    195.00    540.00     68.44   -153.97    -9
LOMA2     APRSWXNE     58.00    188.00    540.00     61.11   -149.84    -9
D3383     APRSWXNE    660.00    188.00    540.00     60.83   -135.19    -8
PROQ9     MesoWest    330.00    195.00    540.00     67.59   -139.81    -8
SKNX      MesoWest    581.00    188.00    540.00     61.98   -151.53    -9
CXCA2     RAWS        376.00    195.00    540.00     61.52   -144.20    -9
RUGA2     RAWS       1006.00    195.00    540.00     62.71   -150.54    -9
ANTA2     NOS-NWLO      0.00    188.00    540.00     61.24   -149.89    -9
QRZA2     RAWS         98.00    195.00    540.00     65.41   -164.66    -9
SALA2     HADS        220.00    195.00    540.00     64.47   -146.92    -9
ALXA2     MesoWest     49.00    195.00    540.00     61.75   -150.89    -9
MFBA2     MesoWest    701.00    195.00    540.00     59.78   -150.76    -9
LCRA2     HADS        821.00    195.00    540.00     65.13   -146.74    -9
SDIA2     HADS          4.00    188.00    540.00     58.28   -134.39    -9
SDIA2     MesoWest      4.00    188.00    540.00     58.28   -134.39    -9
WDCA2     HADS        599.00    195.00    540.00     64.11   -141.56    -9
BHQSM     MesoWest     15.00    195.00    540.00     50.03   -125.30    -8
H25LX     MesoWest    144.00    195.00    540.00     66.27   -145.82    -9
RDRA2     RAWS         55.00    195.00    540.00     61.72   -162.66    -9
E17KX     MesoWest    233.00    195.00    540.00     67.08   -161.83    -9
KELA2     RAWS        116.00    195.00    540.00     67.93   -162.30    -9
E1493     APRSWXNE     75.00    188.00    540.00     61.15   -149.81    -9
N18KX     MesoWest    572.00    195.00    540.00     60.68   -155.89    -9
SMTA2     RAWS        674.00    195.00    540.00     66.81   -141.65    -9
MSOA2     MesoWest    945.00    195.00    540.00     64.85   -146.21    -9
HOWA2     RAWS        629.00    195.00    540.00     68.16   -156.90    -9
JRWA2     MISC         10.00    195.00    540.00     58.36   -134.60    -9
AV046     APRSWXNE    831.00    188.00    540.00     60.49   -134.86    -8
KCKA2     MesoWest    506.00    195.00    540.00     59.73   -150.66    -9
SKJA2     HADS         17.00    195.00    540.00     56.54   -154.14    -9
CRGA2     HADS         29.00    195.00    540.00     55.47   -133.14    -9
KTNA2     MesoWest     22.00    195.00    540.00     55.38   -131.47    -9
WLVA2     HADS        944.00    195.00    540.00     60.39   -148.93    -9
MDEA2     HADS         15.00    195.00    540.00     70.49   -157.41    -9
C18KX     MesoWest    845.00    188.00    540.00     68.65   -161.19    -9
G19KX     MesoWest    391.00    195.00    540.00     66.14   -157.09    -9
SLRA2     RAWS        273.00    195.00    540.00     64.59   -146.15    -9
NOCA2     HADS        510.00    195.00    540.00     65.36   -147.04    -9
E24KX     MesoWest    847.00    188.00    540.00     68.07   -148.49    -9
JWJA2     MesoWest   1093.00    195.00    540.00     64.15   -141.33    -9
EVCA2     RAWS       1113.00    195.00    540.00     63.43   -150.31    -9
E22KX     MesoWest    772.00    188.00    540.00     68.13   -151.81    -9
RHRA2     AKDOT       835.00    188.00    540.00     61.13   -145.73    -9
GQIA2     RAWS        319.00    195.00    540.00     58.92   -136.58    -9
TEXA2     AK-Meso     497.00    188.00    540.00     63.84   -145.91    -9
EXGA2     MesoWest    122.00    195.00    540.00     60.19   -149.62    -9
COFA2     MesoWest    317.00    195.00    540.00     67.25   -150.18    -9
SURA2     MesoWest    720.00    188.00    540.00     62.83   -148.55    -9
D1453     APRSWXNE    214.00    188.00    540.00     64.45   -146.90    -9
OCRQ9     MesoWest    260.00    195.00    540.00     67.63   -139.70    -8
PTMA2     MesoWest     61.00    195.00    540.00     61.39   -150.02    -9
E1289     APRSWXNE     65.00    188.00    540.00     61.19   -149.81    -9
E28MX     MesoWest    474.00    195.00    540.00     68.60   -139.53    -8
TRBA2     HADS        136.00    195.00    540.00     65.47   -148.63    -9
AAKA2     HADS         23.00    195.00    540.00     58.85   -134.71    -9
SGSA2     RAWS         94.00    195.00    540.00     60.48   -150.46    -9
H22KX     MesoWest    561.00    188.00    540.00     65.89   -151.38    -9
TKLA2     RAWS        890.00    195.00    540.00     63.53   -150.05    -9
CSNA2     RAWS       1011.00    195.00    540.00     62.08   -142.05    -9
ALSA2     RAWS         98.00    195.00    540.00     60.20   -154.32    -9
TEBA2     RAWS        573.00    195.00    540.00     61.18   -144.34    -9
A36MX     MesoWest     32.00    188.00    540.00     71.99   -125.25    -7
PBPA2     HADS        667.00    195.00    540.00     58.20   -134.15    -9
P19KX     MesoWest    629.00    195.00    540.00     59.65   -153.23    -9
PMNA2     RAWS        285.00    195.00    540.00     64.08   -155.57    -9
H24KX     MesoWest    814.00    188.00    540.00     65.84   -147.88    -9
TSLA2     APRSWXNE     37.00    188.00    540.00     58.39   -134.77    -9
TT014     RAWS         15.00    195.00    540.00     59.51   -135.34    -9
VDZA2     NOS-NWLO      0.00    188.00    540.00     61.13   -146.36    -9
D9944     APRSWXNE    176.00    188.00    540.00     61.65   -149.33    -9
GCKA2     MesoWest    378.00    195.00    540.00     63.94   -145.40    -9
KATA2     MesoWest    160.00    195.00    540.00     66.18   -151.74    -9
FLDA2     MesoWest    914.00    195.00    540.00     63.20   -145.63    -9
G22KX     MesoWest    205.00    188.00    540.00     66.92   -151.51    -9
HMRA2     NERRS         1.00    195.00    540.00     59.60   -151.42    -9
KRWA2     HADS         60.00    195.00    540.00     61.93   -150.07    -9
EGNA2     AKDOT        11.00    195.00    540.00     58.32   -134.46    -9
NUIA2     HADS         15.00    195.00    540.00     70.27   -151.87    -9
C27KX     MesoWest    392.00    188.00    540.00     69.63   -143.71    -9
SGNA2     MesoWest   1476.00    188.00    540.00     63.53   -146.89    -9
GTSA2     HADS         10.00    195.00    540.00     58.43   -135.69    -9
B22KX     MesoWest     50.00    188.00    540.00     70.34   -153.42    -9
SELA2     HADS          5.00    195.00    540.00     60.42   -147.40    -9
MREA2     MesoWest    686.00    195.00    540.00     59.59   -135.21    -9
WOWA2     RAWS         61.00    195.00    540.00     61.76   -150.05    -9
RSCA2     AKDOT       371.00    195.00    540.00     61.26   -145.28    -9
KTIA2     HADS        259.00    195.00    540.00     59.79   -155.52    -9
SILA2     HADS        352.00    195.00    540.00     60.01   -151.34    -9
SRGA2     RAWS        146.00    195.00    540.00     64.81   -147.60    -9
N31MX     MesoWest    716.00    188.00    540.00     61.49   -135.78    -8
AS116     APRSWXNE    427.00    188.00    540.00     65.49   -144.68    -9
HRHA2     AKDOT       317.00    195.00    540.00     61.11   -149.74    -9
TR605     RAWS        392.00    195.00    540.00     60.51   -149.92    -9
NKTA2     NOS-NWLO      0.00    188.00    540.00     60.68   -151.40    -9
MPSA2     MesoWest    142.00    195.00    540.00     60.49   -149.36    -9
UBLA2     HADS         15.00    195.00    540.00     70.24   -151.30    -9
OKLA2     RAWS        705.00    195.00    540.00     63.97   -146.55    -9
JCTA2     APRSWXNE    503.00    188.00    540.00     62.29   -145.34    -9
SNDA2     NOS-NWLO      0.00    188.00    540.00     55.34   -160.50    -9
L27KX     MesoWest    755.00    188.00    540.00     63.06   -141.83    -9
BAX01     AK-Meso     425.00    188.00    540.00     63.94   -145.60    -9
LPWA2     AJKNDBC       2.00    188.00    540.00     56.38   -134.65    -9
K17KX     MesoWest    339.00    195.00    540.00     62.72   -158.30    -9
LVIA2     HADS       1676.00    195.00    540.00     58.84   -134.28    -9
WONA2     RAWS        625.00    195.00    540.00     63.49   -150.87    -9
MCAA2     HADS         15.00    195.00    540.00     58.40   -134.61    -9
E8412     APRSWXNE     20.00    188.00    540.00     61.15   -149.93    -9
OPSA2     AK-Meso     517.00    188.00    540.00     63.80   -145.94    -9
EPYKX     MesoWest    717.00    188.00    540.00     66.37   -136.72    -8
E2006     APRSWXNE     15.00    188.00    540.00     61.21   -149.92    -9
SXRA2     HADS         33.00    195.00    540.00     60.48   -151.08    -9
HOZA2     RAWS        328.00    195.00    540.00     66.74   -148.68    -9
E4335     APRSWXNE     10.00    188.00    540.00     71.29   -156.78    -9
E1155     APRSWXNE    168.00    195.00    540.00     64.91   -147.93    -9
PRBQ9     MesoWest    250.00    195.00    540.00     67.42   -140.89    -8
MONA2     HADS         92.00    195.00    540.00     62.11   -150.06    -9
ICYA2     AJKNDBC      15.00    195.00    540.00     59.92   -141.36    -9
N16KX     MesoWest    582.00    188.00    540.00     60.47   -158.77    -9
YEAA2     HADS        287.00    195.00    540.00     64.79   -141.20    -9
AU350     APRSWXNE    640.00    195.00    540.00     64.99   -147.60    -9
ELFA2     NOS-NWLO      0.00    188.00    540.00     58.19   -136.35    -9
NRCA2     HADS         29.00    195.00    540.00     64.89   -163.67    -9
CDTA2     APRSWXNE    287.00    188.00    540.00     65.57   -144.79    -9
CUTX      MesoWest    574.00    188.00    540.00     62.41   -150.26    -9
G15KX     MesoWest    249.00    195.00    540.00     64.99   -164.04    -9
J18KX     MesoWest    506.00    195.00    540.00     63.47   -156.72    -9
WLLA2     APRSWXNE     71.00    188.00    540.00     61.73   -150.07    -9
OTKA2     HADS        543.00    195.00    540.00     68.49   -155.72    -9
COOA2     HADS        172.00    195.00    540.00     60.49   -149.81    -9
P015C     MesoWest     18.00    188.00    540.00     70.20   -148.44    -9
JCPA2     MesoWest      8.00    195.00    540.00     64.56   -164.29    -9
ALHA2     RAWS        579.00    195.00    540.00     62.83   -141.41    -9
RHVA2     AKDOT       206.00    188.00    540.00     61.11   -145.82    -9
K20KX     MesoWest    548.00    188.00    540.00     63.36   -154.07    -9
D9220     APRSWXNE    349.00    188.00    540.00     64.93   -147.88    -9
SNIA2     RAWS        706.00    195.00    540.00     60.61   -154.32    -9
I21KX     MesoWest    248.00    188.00    540.00     65.18   -151.98    -9
F28MX     MesoWest    564.00    195.00    540.00     67.61   -139.87    -8
F18KX     MesoWest     27.00    188.00    540.00     66.60   -159.65    -9
KNLA2     RAWS        143.00    195.00    540.00     60.41   -149.37    -9
T33KX     MesoWest     22.00    195.00    540.00     56.81   -132.95    -9
O20KX     MesoWest    915.00    188.00    540.00     60.08   -152.62    -9
P29MX     MesoWest    679.00    188.00    540.00     59.63   -137.74    -8
CLGA2     APRSWXNE    229.00    188.00    540.00     64.89   -147.85    -9
M14KX     MesoWest     19.00    188.00    540.00     60.75   -161.96    -9
U35KX     MesoWest     17.00    188.00    540.00     55.92   -130.03    -8
G29MX     MesoWest    572.00    195.00    540.00     66.91   -138.02    -8
AV076     APRSWXNE     30.00    188.00    540.00     61.15   -149.90    -9
GGLA2     RAWS       1238.00    195.00    540.00     61.60   -143.01    -9
ATGA2     MesoWest   1463.00    195.00    540.00     68.13   -149.48    -9
F17KX     MesoWest     51.00    195.00    540.00     66.44   -161.25    -9
UAVA2     AKDOT       145.00    195.00    540.00     64.84   -147.81    -9
L29MX     MesoWest    918.00    195.00    540.00     63.11   -138.13    -8
WRTA2     AKDOT        35.00    188.00    540.00     60.79   -148.81    -9
GRVA2     MesoWest    335.00    195.00    540.00     60.61   -149.06    -9
FTG23     AK-Meso     498.00    188.00    540.00     63.77   -145.95    -9
HADA2     RAWS        205.00    195.00    540.00     55.33   -132.67    -9
HAYA2     RAWS        123.00    195.00    540.00     65.20   -161.07    -9
GNLA2     RAWS          5.00    195.00    540.00     58.98   -136.10    -9
MKLA2     RAWS        263.00    195.00    540.00     63.65   -151.64    -9
HATA2     MesoWest   1082.00    195.00    540.00     61.79   -149.28    -9
CLAA2     MesoWest    168.00    195.00    540.00     59.42   -161.16    -9
YSSA2     HADS         15.00    195.00    540.00     61.70   -150.65    -9
GKRA2     AKDOT        24.00    195.00    540.00     61.49   -149.24    -9
A22KX     MesoWest      6.00    195.00    540.00     71.00   -154.97    -9
SPGA2     AKDOT        23.00    188.00    540.00     60.82   -148.98    -9
PMZA2     RAWS         42.00    195.00    540.00     61.42   -150.09    -9
NCKA2     RAWS        110.00    195.00    540.00     60.01   -151.54    -9
L18KX     MesoWest    329.00    188.00    540.00     62.22   -156.69    -9
L14KX     MesoWest     41.00    188.00    540.00     61.34   -162.68    -9
SHRA2     AKDOT        68.00    195.00    540.00     61.11   -149.85    -9
G23KX     MesoWest    746.00    188.00    540.00     66.71   -150.02    -9
MLOQ9     MesoWest    690.00    195.00    540.00     63.77   -135.39    -8
ARCA2     APRSWXNE   1096.00    195.00    540.00     61.25   -149.52    -9
ABYA2     MesoWest      2.00    188.00    540.00     58.38   -134.65    -9
H31MX     MesoWest    642.00    188.00    540.00     65.81   -134.34    -8
AWRA2     RAWS        882.00    195.00    540.00     67.75   -144.17    -9
COTA2     RAWS        399.00    195.00    540.00     65.35   -155.94    -9
FCCA2     HADS        346.00    195.00    540.00     65.01   -147.20    -9
GHPA2     AKDOT        23.00    195.00    540.00     61.55   -149.24    -9
CRBA2     HADS        383.00    195.00    540.00     59.90   -151.06    -9
O14KX     MesoWest    129.00    195.00    540.00     59.25   -161.26    -9
BIRA2     RAWS        259.00    195.00    540.00     65.58   -144.36    -9
RCBA2     HADS         20.00    195.00    540.00     55.18   -162.69    -9
J25KX     MesoWest    949.00    188.00    540.00     64.61   -145.37    -9
KTSA2     MesoWest    472.00    195.00    540.00     63.54   -150.99    -9
N20KX     MesoWest    991.00    188.00    540.00     61.20   -152.21    -9
AUKA2     MesoWest     13.00    195.00    540.00     58.38   -134.63    -9
F26KX     MesoWest    683.00    195.00    540.00     67.69   -144.15    -9
V35KX     MesoWest     64.00    188.00    540.00     55.33   -131.62    -9
HOGA2     RAWS        209.00    195.00    540.00     66.22   -155.67    -9
YWRQ9     MesoWest    400.00    195.00    540.00     63.08   -139.50    -8
GICQ9     MesoWest    930.00    195.00    540.00     61.19   -136.98    -8
C19KX     MesoWest    745.00    195.00    540.00     69.10   -159.59    -9
ALWQ9     MesoWest    923.00    195.00    540.00     61.20   -137.00    -8
CLTA2     HADS        167.00    195.00    540.00     62.56   -150.23    -9
C6122     APRSWXNE    133.00    188.00    540.00     61.62   -149.13    -9
MATA2     HADS         66.00    195.00    540.00     61.61   -149.07    -9
E9414     APRSWXNE    113.00    188.00    540.00     61.56   -149.33    -9
L15KX     MesoWest    219.00    195.00    540.00     61.68   -161.49    -9
KLIA2     RAWS       1329.00    195.00    540.00     67.98   -155.01    -9
SECA2     MesoWest     11.00    195.00    540.00     59.80   -144.60    -9
INPA2     MesoWest    716.00    195.00    540.00     61.07   -149.48    -9
CRHA2     HADS        224.00    195.00    540.00     64.86   -146.80    -9
FBLA2     MesoWest     78.00    195.00    540.00     69.89   -148.77    -9
Q16KX     MesoWest     22.00    188.00    540.00     58.68   -156.66    -9
D2066     APRSWXNE     25.00    188.00    540.00     60.58   -151.31    -9
HILA2     MesoWest    634.00    195.00    540.00     61.11   -149.67    -9
CPAA2     HADS         84.00    195.00    540.00     60.20   -154.70    -9
SUMA2     MesoWest   1158.00    195.00    540.00     60.63   -149.54    -9
GOAA2     AKDOT        28.00    195.00    540.00     58.39   -134.62    -9
NESA2     MesoWest    127.00    195.00    540.00     64.69   -148.91    -9
MRYA2     AJKNDBC       3.00    195.00    540.00     55.10   -131.18    -9
FTG19     AK-Meso     442.00    188.00    540.00     63.82   -145.01    -9
TOSA2     MesoWest    497.00    195.00    540.00     63.35   -142.98    -9
TR597     RAWS        428.00    195.00    540.00     63.91   -148.99    -9
TR603     RAWS        421.00    195.00    540.00     63.94   -145.60    -9
PSGA2     AKDOT       116.00    195.00    540.00     57.53   -152.46    -9
F0634     APRSWXNE     52.00    188.00    540.00     61.55   -149.87    -9
LULQ2     MesoWest   1305.00    195.00    540.00     54.20   -126.30    -8
CIKA2     RAWS        137.00    195.00    540.00     66.60   -144.35    -9
MLRA2     MesoWest     43.00    195.00    540.00     59.08   -154.28    -9
CHTA2     RAWS        496.00    195.00    540.00     65.02   -148.58    -9
JTMA2     MesoWest    529.00    195.00    540.00     58.30   -134.39    -9
MOGA2     RAWS         24.00    195.00    540.00     57.18   -157.27    -9
KMVA2     MISC        296.00    188.00    540.00     58.85   -135.05    -9
MACA2     HADS       1170.00    195.00    540.00     63.07   -146.32    -9
SLWQ9     MesoWest   1000.00    195.00    540.00     61.54   -137.59    -8
LGKA2     RAWS        286.00    195.00    540.00     61.73   -148.82    -9
DOYA2     RAWS        519.00    195.00    540.00     63.85   -145.71    -9
G17KX     MesoWest    338.00    195.00    540.00     65.50   -160.65    -9
EYKA2     MesoWest    428.00    195.00    540.00     60.55   -145.74    -9
HCRA2     HADS        210.00    195.00    540.00     65.67   -149.10    -9
P18KX     MesoWest    680.00    188.00    540.00     59.39   -155.23    -9
ISKQ2     MesoWest     19.00    195.00    540.00     56.74   -131.67    -8
SAWA2     MesoWest    229.00    195.00    540.00     58.09   -133.76    -9
GDPA2     RAWS        463.00    195.00    540.00     64.24   -145.27    -9
F22KX     MesoWest    546.00    188.00    540.00     67.51   -152.18    -9
SWNA2     RAWS         66.00    195.00    540.00     60.73   -150.88    -9
MISA2     AK-Meso     488.00    188.00    540.00     63.89   -145.87    -9
FYNA2     MesoWest    131.00    195.00    540.00     66.57   -145.25    -9
SHDA2     AKDOT       221.00    195.00    540.00     60.25   -149.35    -9
KMRA2     MISC        696.00    188.00    540.00     58.85   -135.06    -9
JREA2     MISC         10.00    195.00    540.00     58.35   -134.55    -9
KILA2     RAWS        588.00    195.00    540.00     60.32   -160.19    -9
BRHA2     AKDOT       151.00    195.00    540.00     64.81   -147.57    -9
TT149     RAWS        137.00    195.00    540.00     64.85   -147.57    -9
VCVA2     NOS-NWLO      0.00    188.00    540.00     57.13   -170.29    -9
TKPA2     AKDOT       120.00    195.00    540.00     62.13   -150.04    -9
P08KX     MesoWest     36.00    188.00    540.00     56.60   -169.55    -9
E4000     APRSWXNE    220.00    188.00    540.00     64.89   -147.64    -9
UPHA2     APRSWXNE    401.00    188.00    540.00     61.12   -149.72    -9
FMRA2     HADS        440.00    195.00    540.00     64.31   -141.40    -9
SCTA2     HADS        546.00    195.00    540.00     62.82   -148.60    -9
SERA2     APRSWXNE    732.00    195.00    540.00     60.83   -149.16    -9
E27KX     MesoWest    654.00    195.00    540.00     68.19   -141.60    -9
TKRA2     RAWS        663.00    195.00    540.00     62.96   -143.35    -9
DWSA2     RAWS         15.00    195.00    540.00     59.51   -135.35    -9
BZKA2     MesoWest    118.00    195.00    540.00     64.70   -148.25    -9
LWCA2     HADS         43.00    195.00    540.00     61.81   -150.09    -9
CRVA2     NOS-NWLO      0.00    188.00    540.00     60.56   -145.75    -9
G16KX     MesoWest    169.00    195.00    540.00     65.39   -162.35    -9
PTLA2     AJKNDBC       3.00    195.00    540.00     58.35   -134.75    -9
WHLA2     AKDOT        31.00    188.00    540.00     60.78   -148.73    -9
RNDA2     RAWS        174.00    195.00    540.00     64.68   -153.94    -9
PRXQ9     MesoWest    470.00    195.00    540.00     62.83   -136.58    -8
PWMA2     APRSWXNE    113.00    188.00    540.00     61.61   -149.23    -9
C6333     APRSWXNE    357.00    188.00    540.00     64.91   -147.67    -9
FTG14     AK-Meso     518.00    188.00    540.00     63.92   -145.84    -9
MNFA2     MesoWest    826.00    195.00    540.00     63.31   -147.65    -9
D19KX     MesoWest    671.00    188.00    540.00     68.49   -158.12    -9
RESA2     HADS         93.00    195.00    540.00     60.20   -149.59    -9
N30MX     MesoWest    941.00    188.00    540.00     61.46   -137.09    -8
ARAQ9     MesoWest    910.00    195.00    540.00     61.19   -136.99    -8
PLMRS     AWS          71.00    188.00    540.00     61.60   -149.11    -9
CORA2     MesoWest    366.00    195.00    540.00     60.39   -149.69    -9
IVVQ9     MesoWest     76.00    195.00    540.00     69.16   -140.15    -8
WLWA2     HADS        139.00    195.00    540.00     61.78   -149.88    -9
TKZA2     HADS        298.00    195.00    540.00     57.13   -134.89    -9
J20KX     MesoWest    314.00    188.00    540.00     64.18   -154.15    -9
GKGA2     HADS       1660.00    195.00    540.00     63.26   -145.41    -9
SEBA2     APRSWXNE     39.00    188.00    540.00     61.15   -149.93    -9
E7581     APRSWXNE     33.00    188.00    540.00     60.47   -150.98    -9
NEA2X     MesoWest    450.00    188.00    540.00     64.59   -149.07    -9
NRUA2     RAWS        244.00    195.00    540.00     66.83   -154.32    -9
LMNA2     MISC          5.00    195.00    540.00     58.36   -134.51    -9
LMNA2     MesoWest      5.00    188.00    540.00     58.36   -134.51    -9
PGRA2     MesoWest     91.00    195.00    540.00     59.35   -151.85    -9
ARDA2     MesoWest    504.00    195.00    540.00     59.86   -151.31    -9
M29MX     MesoWest   1297.00    188.00    540.00     62.44   -138.46    -8
Q18KX     MesoWest   1250.00    188.00    540.00     58.65   -155.01    -9
BLCA2     RAWS         23.00    195.00    540.00     58.41   -152.89    -9
TT274     RAWS        311.00    195.00    540.00     68.32   -161.49    -9
E7026     APRSWXNE   1162.00    188.00    540.00     61.10   -149.73    -9
C21KX     MesoWest    409.00    195.00    540.00     69.16   -154.78    -9
SRKA2     RAWS         49.00    195.00    540.00     66.97   -160.45    -9
P33MX     MesoWest   1066.00    188.00    540.00     60.21   -132.82    -8
CEDQ2     MesoWest    987.00    195.00    540.00     55.15   -128.72    -8
TLDA2     RAWS        198.00    195.00    540.00     63.43   -153.36    -9
F0213     APRSWXNE    199.00    188.00    540.00     61.72   -148.91    -9
AT961     APRSWXNE     58.00    188.00    540.00     61.13   -149.84    -9
HHKA2     AKDOT       184.00    195.00    540.00     59.44   -136.27    -9
MLWQ9     MesoWest    680.00    195.00    540.00     60.53   -134.37    -8
NIRQ9     MesoWest    620.00    195.00    540.00     62.21   -139.05    -8
D22KX     MesoWest    532.00    195.00    540.00     68.88   -152.68    -9
PWRA2     MesoWest    128.00    195.00    540.00     60.59   -145.58    -9
TBFA2     AKDOT        89.00    195.00    540.00     61.44   -149.40    -9
S14KX     MesoWest   1059.00    188.00    540.00     56.28   -159.55    -9
D17KX     MesoWest    172.00    195.00    540.00     67.70   -163.08    -9
I26KX     MesoWest    338.00    188.00    540.00     65.31   -143.15    -9
I29MX     MesoWest    602.00    188.00    540.00     65.36   -138.31    -8
E1265     APRSWXNE    419.00    188.00    540.00     63.87   -148.99    -9
MOOA2     HADS        160.00    195.00    540.00     61.69   -149.05    -9
WSLA2     APRSWXNE    111.00    195.00    540.00     61.59   -149.36    -9
E20KX     MesoWest    866.00    188.00    540.00     68.26   -156.19    -9
NRDA2     HADS         95.00    195.00    540.00     59.94   -158.19    -9
F14KX     MesoWest    266.00    195.00    540.00     65.47   -166.33    -9
EGHA2     AKDOT       634.00    195.00    540.00     61.71   -145.16    -9
SRWA2     RAWS        366.00    195.00    540.00     67.46   -159.84    -9
CNAA2     MesoWest   1012.00    195.00    540.00     62.07   -142.05    -9
CJXA2     HADS         68.00    195.00    540.00     61.87   -158.11    -9
GAHA2     APRSWXNE    669.00    195.00    540.00     61.10   -149.69    -9
BGCQ9     MesoWest    790.00    195.00    540.00     60.16   -129.70    -8
G31MX     MesoWest     61.00    188.00    540.00     66.92   -134.27    -8
GEOA2     AK-Meso     387.00    188.00    540.00     63.97   -145.77    -9
SRNA2     AKDOT       210.00    195.00    540.00     60.53   -149.56    -9
C16KX     MesoWest    102.00    188.00    540.00     68.27   -165.34    -9
RENA2     RAWS        930.00    195.00    540.00     62.71   -146.62    -9
BTLA2     RAWS         52.00    195.00    540.00     57.27   -154.57    -9
KWKA2     HADS         27.00    195.00    540.00     59.42   -157.80    -9
LBKA2     RAWS        396.00    195.00    540.00     66.09   -143.37    -9
YPSA2     HADS         70.00    195.00    540.00     61.93   -162.88    -9
SNCA2     MesoWest    491.00    195.00    540.00     61.35   -142.71    -9
D6992     APRSWXNE    335.00    188.00    540.00     64.93   -147.89    -9
O22KX     MesoWest    140.00    188.00    540.00     60.48   -149.72    -9
AMCA2     MesoWest    320.00    195.00    540.00     64.79   -141.23    -9
CHMA2     RAWS       1125.00    195.00    540.00     67.71   -150.59    -9
COCA2     HADS        179.00    195.00    540.00     60.48   -149.88    -9
BLSA2     RAWS         46.00    195.00    540.00     61.94   -150.99    -9
H17KX     MesoWest    396.00    195.00    540.00     64.94   -159.91    -9
FPKA2     RAWS        327.00    195.00    540.00     58.71   -153.52    -9
BRTA2     HADS         86.00    195.00    540.00     59.80   -150.88    -9
BPWA2     MesoWest      6.00    195.00    540.00     55.36   -131.70    -9
ALCA2     AKDOT       602.00    195.00    540.00     62.62   -141.01    -8
KOYA2     RAWS        385.00    195.00    540.00     66.00   -157.57    -9
UCHA2     HADS        251.00    195.00    540.00     64.90   -146.36    -9
JCKA2     RAWS        440.00    195.00    540.00     63.94   -145.60    -9
M11KX     MesoWest      3.00    188.00    540.00     60.38   -166.20    -9
BKSA2     RAWS        241.00    195.00    540.00     64.39   -147.70    -9
UNCA2     MesoWest    808.00    195.00    540.00     65.37   -146.59    -9
CAPNX     MesoWest     47.00    188.00    540.00     60.77   -151.15    -9
F24KX     MesoWest    736.00    188.00    540.00     67.52   -147.89    -9
C26KX     MesoWest    139.00    188.00    540.00     69.92   -144.91    -9
GBDA2     HADS        450.00    195.00    540.00     64.45   -144.94    -9
BONA2     MesoWest    337.00    195.00    540.00     64.74   -148.32    -9
TRSA2     HADS        203.00    195.00    540.00     64.89   -146.80    -9
PCKA2     RAWS        355.00    195.00    540.00     65.92   -145.03    -9
I27KX     MesoWest    874.00    188.00    540.00     65.60   -141.62    -9
SIXA2     HADS        135.00    195.00    540.00     60.82   -149.43    -9
WHMA2     APRSWXNE      5.00    188.00    540.00     60.78   -148.68    -9
WHMA2     MesoWest      3.00    188.00    540.00     60.78   -148.69    -9
TQUA2     MesoWest    472.00    195.00    540.00     60.98   -153.92    -9
JNEA2     NOS-NWLO      0.00    188.00    540.00     58.30   -134.41    -9
TKHA2     MesoWest   1413.00    195.00    540.00     59.40   -135.81    -9
L17KX     MesoWest    338.00    188.00    540.00     62.13   -158.30    -9
SMCA2     AKDOT        24.00    188.00    540.00     61.02   -149.74    -9
TATQ9     MesoWest    600.00    195.00    540.00     60.12   -137.09    -8
E1088     APRSWXNE    130.00    188.00    540.00     61.63   -149.20    -9
E6804     APRSWXNE      8.00    188.00    540.00     61.13   -146.35    -9
SUSA2     HADS          0.00    195.00    540.00     61.54   -150.51    -9
CKNA2     RAWS        628.00    195.00    540.00     64.06   -141.93    -9
CKPA2     RAWS       1280.00    195.00    540.00     59.70   -135.26    -8
KDKA2     HADS         66.00    195.00    540.00     57.69   -153.16    -9
RHOA2     MesoWest    373.00    195.00    540.00     63.93   -145.33    -9
VNKA2     RAWS        149.00    195.00    540.00     66.79   -146.65    -9
CHLA2     HADS        150.00    195.00    540.00     64.89   -147.25    -9
O18KX     MesoWest    544.00    188.00    540.00     59.85   -155.21    -9
E23KX     MesoWest   1084.00    188.00    540.00     68.06   -149.62    -9
SWLA2     NOS-NWLO      0.00    195.00    540.00     60.12   -149.43    -9
SHLA2     RAWS        150.00    195.00    540.00     55.53   -131.37    -9
TLKA2     DDMET       153.00    188.00    540.00     62.31   -150.42    -9
M18KX     MesoWest    289.00    188.00    540.00     61.49   -155.82    -9
KTUA2     APRSWXNE     35.00    195.00    540.00     61.18   -149.87    -9
F30MX     MesoWest    414.00    188.00    540.00     67.60   -135.79    -7
EKLA2     HADS        289.00    195.00    540.00     61.41   -149.12    -9
CZOA2     RAWS        701.00    195.00    540.00     62.57   -144.66    -9
BRUA2     HADS        439.00    195.00    540.00     59.70   -150.70    -9
M31MX     MesoWest    639.00    188.00    540.00     62.20   -134.39    -8
D8962     APRSWXNE    180.00    188.00    540.00     61.66   -149.33    -9
AGLA2     RAWS        335.00    195.00    540.00     65.02   -146.23    -9
P30MX     MesoWest    883.00    188.00    540.00     60.12   -136.96    -8
JECA2     MISC        709.00    195.00    540.00     58.26   -134.51    -9
COVA2     RAWS        478.00    195.00    540.00     58.80   -155.56    -9
TUGA2     MesoWest    573.00    195.00    540.00     60.78   -149.18    -9
ACRA2     AKDOT       554.00    195.00    540.00     63.81   -148.96    -9
BOLA2     AK-Meso     433.00    188.00    540.00     63.89   -145.85    -9
Q23KX     MesoWest     46.00    188.00    540.00     59.43   -146.35    -9
SRMQ9     MesoWest    340.00    195.00    540.00     63.28   -139.25    -8
C0804     APRSWXNE     30.00    188.00    540.00     58.29   -134.43    -9
CKTA2     HADS         35.00    195.00    540.00     59.42   -135.93    -9
D20KX     MesoWest    577.00    195.00    540.00     68.71   -156.61    -9
DKLA2     RAWS        808.00    195.00    540.00     63.30   -149.54    -9
ELLA2     RAWS        701.00    195.00    540.00     65.28   -163.82    -9
TCOA2     AK-Meso     604.00    188.00    540.00     63.82   -145.88    -9
RRWA2     MesoWest    793.00    195.00    540.00     59.26   -135.49    -9
CHUMX     MesoWest    217.00    188.00    540.00     63.88   -152.32    -9
PRNA2     HADS        113.00    195.00    540.00     69.32   -152.51    -9
YDAQ9     MesoWest    340.00    195.00    540.00     64.07   -139.43    -8
KLLA2     MesoWest     95.00    195.00    540.00     67.93   -162.28    -9
DCKA2     HADS         80.00    195.00    540.00     66.95   -156.91    -9
TLRA2     HADS        170.00    195.00    540.00     59.79   -155.25    -9
GHYA2     AKDOT       644.00    195.00    540.00     62.11   -145.85    -9
TOLKX     MesoWest    760.00    188.00    540.00     68.64   -149.57    -9
ETBA2     APRSWXNE    365.00    195.00    540.00     58.27   -134.51    -9
SUDA2     HADS          6.00    195.00    540.00     63.10   -147.52    -9
SUDA2     MesoWest      6.00    195.00    540.00     63.10   -147.52    -9
KLNQ9     MesoWest    320.00    195.00    540.00     64.04   -139.41    -8
LSUA2     HADS        293.00    195.00    540.00     61.71   -149.23    -9
SMPA2     RAWS        549.00    195.00    540.00     63.75   -150.33    -9
EPYA2     HADS        135.00    195.00    540.00     61.61   -149.23    -9
BDVA2     RAWS        192.00    195.00    540.00     60.49   -149.76    -9
AWCA2     AKDOT       156.00    195.00    540.00     64.84   -147.74    -9
KNKXX     MesoWest    598.00    188.00    540.00     61.41   -148.46    -9
MANA2     RAWS        205.00    195.00    540.00     64.70   -147.02    -9
KLNA2     AKDOT      1002.00    195.00    540.00     59.63   -135.16    -8
BKCA2     AK-Meso     741.00    188.00    540.00     63.52   -145.84    -9
J30MX     MesoWest   1419.00    195.00    540.00     64.58   -136.33    -8
D23KX     MesoWest    406.00    188.00    540.00     68.97   -150.68    -9
NEDA2     APRSWXNE     90.00    188.00    540.00     61.20   -149.73    -9
SDFA2     RAWS         47.00    195.00    540.00     60.50   -151.01    -9
HULA2     HADS        225.00    195.00    540.00     69.71   -144.19    -9
TKEA2     AJKNDBC       6.00    195.00    540.00     57.78   -135.22    -9
CLRA2     AKDOT       691.00    188.00    540.00     65.05   -147.45    -9
GERA2     AKDOT       144.00    195.00    540.00     61.28   -149.63    -9
TS016     RAWS        772.00    195.00    540.00     62.22   -144.99    -9
TT429     RAWS        381.00    195.00    540.00     63.97   -145.76    -9
ALIA2     NOS-NWLO      0.00    188.00    540.00     56.90   -154.25    -9
E6026     APRSWXNE    163.00    188.00    540.00     61.08   -149.78    -9
MKEA2     HADS        627.00    195.00    540.00     64.03   -142.53    -9
E6881     APRSWXNE    143.00    188.00    540.00     61.70   -148.90    -9
MCDA2     HADS        149.00    195.00    540.00     64.80   -147.23    -9
JDKA2     MISC         30.00    195.00    540.00     58.29   -134.39    -9
TRDA2     AKDOT       755.00    188.00    540.00     63.42   -145.75    -9
BENA2     RAWS        564.00    195.00    540.00     65.30   -143.07    -9
CLEA2     HADS        105.00    195.00    540.00     66.22   -155.59    -9
CPKA2     RAWS        767.00    195.00    540.00     65.19   -147.50    -9
STNA2     RAWS        374.00    195.00    540.00     61.06   -153.90    -9
K15KX     MesoWest    346.00    195.00    540.00     62.29   -161.53    -9
GROA2     HADS        115.00    195.00    540.00     60.20   -149.37    -9
PAMA2     RAWS        956.00    195.00    540.00     67.77   -152.16    -9
THOA2     RAWS        154.00    195.00    540.00     55.70   -132.54    -9
SUGA2     MesoWest    168.00    195.00    540.00     61.08   -146.30    -9
ILRA2     HADS         96.00    195.00    540.00     59.76   -153.84    -9
FLLA2     MesoWest    111.00    195.00    540.00     55.35   -131.62    -9
PAPR      MesoWest    335.00    188.00    540.00     66.81   -150.64    -9
F20KX     MesoWest    136.00    195.00    540.00     67.05   -155.73    -9
KLCA2     HADS         76.00    195.00    540.00     62.05   -156.21    -9
FAEA2     AKDOT       147.00    195.00    540.00     64.84   -147.71    -9
L26KX     MesoWest    650.00    188.00    540.00     63.03   -143.35    -9
AYBA2     APRSWXNE     76.00    195.00    540.00     60.96   -149.11    -9
O19KX     MesoWest     96.00    188.00    540.00     60.20   -154.32    -9
NTTA2     AK-Meso     454.00    188.00    540.00     63.93   -145.74    -9
TGCA2     MesoWest   1158.00    188.00    540.00     58.65   -134.21    -9
PLXA2     NOS-NWLO      0.00    188.00    540.00     56.25   -134.65    -9
TEUA2     MesoWest    500.00    195.00    540.00     64.95   -145.52    -9
E7994     APRSWXNE     30.00    188.00    540.00     56.70   -132.94    -9
D0691     APRSWXNE     72.00    188.00    540.00     61.19   -149.75    -9
LSTA2     RAWS        213.00    195.00    540.00     66.04   -147.97    -9
PAGB      MesoWest    814.00    188.00    540.00     68.48   -149.48    -9
G24KX     MesoWest    503.00    188.00    540.00     66.70   -147.48    -9
NHDA2     AKDOT        23.00    195.00    540.00     58.33   -134.50    -9
POKRX     MesoWest    501.00    188.00    540.00     65.12   -147.43    -9
IGKA2     RAWS         51.00    188.00    540.00     70.00   -153.08    -9
TKUA2     HADS         24.00    195.00    540.00     58.54   -133.70    -9
WULA2     HADS         57.00    195.00    540.00     67.88   -163.67    -9
KNGA2     APRSWXNE    140.00    188.00    540.00     61.62   -149.37    -9
KECA2     NOS-NWLO      0.00    188.00    540.00     55.33   -131.63    -9
KLAA2     RAWS        766.00    195.00    540.00     62.22   -144.99    -9
H16KX     MesoWest    216.00    188.00    540.00     64.64   -162.24    -9
J29MX     MesoWest    982.00    188.00    540.00     64.45   -138.22    -8
N19KX     MesoWest   1144.00    188.00    540.00     60.81   -154.48    -9
SAGA2     HADS        497.00    195.00    540.00     68.76   -148.87    -9
WICA2     HADS        680.00    195.00    540.00     65.18   -148.07    -9
BWSA2     MesoWest    579.00    188.00    540.00     58.09   -133.77    -9
FWLA2     RAWS        220.00    195.00    540.00     62.72   -154.08    -9
ALSQ9     MesoWest    460.00    195.00    540.00     60.12   -137.98    -8
BFLA2     MesoWest    195.00    195.00    540.00     66.92   -151.53    -9
SCUA2     APRSWXNE    175.00    195.00    540.00     61.74   -148.77    -9
I28MX     MesoWest   1188.00    188.00    540.00     65.45   -139.94    -8
E6689     APRSWXNE    772.00    195.00    540.00     58.26   -134.51    -9
MRNA2     AJKNDBC       3.00    195.00    540.00     58.20   -134.26    -9
ASIA2     RAWS        405.00    195.00    540.00     67.47   -162.27    -9
P32MX     MesoWest    793.00    188.00    540.00     59.59   -133.71    -8
H19KX     MesoWest    107.00    188.00    540.00     65.53   -156.45    -9
NVSA2     MesoWest   1305.00    195.00    540.00     61.16   -145.64    -9
RSQA2     APRSWXNE    207.00    188.00    540.00     64.88   -147.60    -9
TOOA2     MesoWest    930.00    195.00    540.00     68.62   -149.30    -9
THTA2     AKDOT        10.00    195.00    540.00     58.28   -134.37    -9
KMPA2     MesoWest     91.00    195.00    540.00     60.73   -150.48    -9
L19KX     MesoWest    650.00    188.00    540.00     62.18   -154.85    -9
AU129     APRSWXNE    439.00    188.00    540.00     64.92   -147.56    -9
TTLA2     RAWS        518.00    195.00    540.00     64.20   -147.92    -9
SUVA2     MesoWest    114.00    195.00    540.00     62.13   -150.04    -9
SUUA2     MesoWest    427.00    195.00    540.00     60.62   -149.53    -9
NASQ2     MesoWest     40.00    195.00    540.00     55.25   -129.09    -8
HARPX     MesoWest    581.00    188.00    540.00     62.40   -145.16    -9
D24KX     MesoWest    292.00    188.00    540.00     69.15   -148.82    -9
A21KX     MesoWest      5.00    188.00    540.00     71.32   -156.62    -9
STTQ2     MesoWest    172.00    195.00    540.00     57.90   -131.15    -8
O17KX     MesoWest    156.00    188.00    540.00     59.77   -157.09    -9
YRBA2     HADS        120.00    195.00    540.00     65.88   -149.72    -9
E0271     APRSWXNE     28.00    188.00    540.00     61.23   -149.89    -9
R31KX     MesoWest     15.00    195.00    540.00     58.41   -135.74    -9
RPTA2     MesoWest    152.00    195.00    540.00     64.53   -163.42    -9
HRDA2     RAWS       1311.00    195.00    540.00     60.13   -149.78    -9
H25KX     MesoWest    144.00    188.00    540.00     66.27   -145.82    -9
E6865     APRSWXNE     61.00    188.00    540.00     60.17   -149.38    -9
SGWA2     MesoWest    305.00    195.00    540.00     69.42   -148.69    -9
DVCA2     RAWS        503.00    195.00    540.00     63.74   -148.90    -9
MCNA2     MesoWest    402.00    195.00    540.00     59.08   -151.25    -9
CRUA2     HADS         80.00    195.00    540.00     69.36   -152.12    -9
GRSA2     HADS        567.00    195.00    540.00     62.52   -145.53    -9
K29MX     MesoWest   1367.00    188.00    540.00     63.84   -137.52    -8
HMEA2     RAWS        260.00    195.00    540.00     59.75   -151.20    -9
SRVA2     RAWS         81.00    195.00    540.00     61.65   -156.41    -9
F0406     APRSWXNE     18.00    188.00    540.00     61.13   -149.92    -9
C4591     APRSWXNE    505.00    188.00    540.00     63.32   -143.01    -9
H18KX     MesoWest    494.00    188.00    540.00     65.15   -158.36    -9
FTG06     AK-Meso     493.00    188.00    540.00     64.02   -146.25    -9
DCSA2     MesoWest    629.00    195.00    540.00     58.70   -134.86    -9
CKLA2     RAWS         31.00    195.00    540.00     57.00   -153.54    -9
PRDA2     NOS-NWLO      0.00    188.00    540.00     70.40   -148.53    -9
S32KX     MesoWest     26.00    188.00    540.00     57.47   -134.58    -9
TSAA2     HADS         27.00    188.00    540.00     61.16   -149.98    -9
R32KX     MesoWest    386.00    195.00    540.00     58.27   -134.52    -9
D3441     APRSWXNE     30.00    188.00    540.00     61.52   -149.08    -9
G25KX     MesoWest    146.00    188.00    540.00     66.77   -146.10    -9
WRYA2     MesoWest     31.00    195.00    540.00     59.13   -159.09    -9
CDSA2     APRSWXNE    991.00    188.00    540.00     68.08   -149.58    -9
K24KX     MesoWest    724.00    188.00    540.00     63.80   -145.78    -9
BOXA2     RAWS        351.00    188.00    540.00     65.30   -158.90    -9
ERPA2     APRSWXNE    174.00    195.00    540.00     61.23   -149.27    -9
MDTA2     HADS        105.00    195.00    540.00     65.01   -150.61    -9
WIGA2     RAWS        543.00    195.00    540.00     63.81   -150.11    -9
G18KX     MesoWest    484.00    188.00    540.00     65.90   -158.65    -9
SGRA2     HADS        338.00    195.00    540.00     69.01   -148.82    -9
AU643     APRSWXNE    259.00    188.00    540.00     64.87   -147.09    -9
Q20KX     MesoWest    180.00    188.00    540.00     58.61   -152.39    -9
TEEA2     RAWS        601.00    195.00    540.00     63.71   -143.94    -9
UPPA2     MesoWest    533.00    195.00    540.00     61.19   -145.65    -9
SHDQ2     MesoWest   1313.00    195.00    540.00     55.86   -127.70    -8
GNUA2     RAWS        287.00    195.00    540.00     58.98   -136.10    -9
D9443     APRSWXNE    453.00    188.00    540.00     61.12   -149.71    -9
BRKA2     HADS         94.00    195.00    540.00     59.82   -154.88    -9
KKTA2     HADS        206.00    195.00    540.00     59.84   -155.72    -9
FTG18     AK-Meso     402.00    188.00    540.00     63.89   -145.32    -9
BRNA2     HADS        195.00    195.00    540.00     59.80   -150.86    -9
FRAQ2     HADS        860.00    195.00    540.00     59.72   -135.05    -8
RBTA2     RAWS        451.00    195.00    540.00     61.09   -149.74    -9
D25KX     MesoWest    770.00    188.00    540.00     69.32   -146.38    -9
G21KX     MesoWest    446.00    195.00    540.00     66.52   -153.51    -9
APTA2     HADS         62.00    195.00    540.00     59.75   -151.75    -9
G26KX     MesoWest    180.00    188.00    540.00     66.95   -143.78    -9
SBPA2     AKDOT        34.00    188.00    540.00     60.93   -149.34    -9
SLAA2     HADS        309.00    195.00    540.00     67.25   -150.17    -9
Q19KX     MesoWest    631.00    188.00    540.00     58.93   -153.64    -9
R17KX     MesoWest    273.00    188.00    540.00     57.64   -156.39    -9
I23KX     MesoWest    149.00    188.00    540.00     65.15   -149.36    -9
SVCA2     APRSWXNE    116.00    188.00    540.00     61.14   -149.79    -9
DUTA2     APRSWXNE      5.00    195.00    540.00     53.90   -166.51    -9
FNOA2     APRSWXNE   1049.00    195.00    540.00     60.69   -149.51    -9
STKA2     HADS         97.00    195.00    540.00     56.71   -132.13    -9
E0085     APRSWXNE     10.00    188.00    540.00     49.79   -126.46    -8
SRTA2     RAWS        158.00    195.00    540.00     65.85   -164.71    -9
LKCA2     MesoWest    584.00    195.00    540.00     59.74   -150.69    -9
AU776     APRSWXNE     39.00    195.00    540.00     61.16   -149.98    -9
BTEA2     APRSWXNE     23.00    188.00    540.00     61.53   -148.99    -9
ARRA2     MesoWest   1128.00    195.00    540.00     60.61   -149.10    -9
GCOA2     HADS        108.00    195.00    540.00     60.53   -145.38    -9
GTFA2     AKDOT        31.00    195.00    540.00     61.55   -149.25    -9
R33MX     MesoWest   1437.00    195.00    540.00     59.39   -130.97    -8
BCTA2     HADS        604.00    195.00    540.00     65.39   -145.71    -9
SMIA2     RAWS        251.00    195.00    540.00     65.94   -149.85    -9
MTRA2     MesoWest    853.00    195.00    540.00     65.25   -146.15    -9
LIVA2     RAWS        137.00    195.00    540.00     65.42   -148.72    -9
H29MX     MesoWest    480.00    195.00    540.00     66.22   -138.37    -8
FTG15     AK-Meso     415.00    188.00    540.00     63.97   -145.74    -9
F19KX     MesoWest    161.00    188.00    540.00     66.83   -157.77    -9
TYAA2     HADS        165.00    195.00    540.00     59.51   -135.34    -9
MNPA2     AKDOT       732.00    195.00    540.00     62.90   -143.67    -9
M22KX     MesoWest     57.00    188.00    540.00     61.75   -150.12    -9
J16KX     MesoWest    328.00    188.00    540.00     63.28   -160.60    -9
CECA2     MesoWest     99.00    195.00    540.00     65.40   -164.71    -9
F25KX     MesoWest    864.00    188.00    540.00     67.59   -145.64    -9
WSHA2     AK-Meso     488.00    188.00    540.00     63.79   -145.95    -9
AU237     APRSWXNE    151.00    188.00    540.00     61.30   -149.44    -9
D1454     APRSWXNE    176.00    188.00    540.00     64.89   -147.88    -9
J26LX     MesoWest   1144.00    188.00    540.00     64.50   -143.56    -9
AU633     APRSWXNE    228.00    188.00    540.00     61.06   -149.78    -9
BTAA2     RAWS        502.00    195.00    540.00     63.87   -145.85    -9
ECEA2     APRSWXNE    772.00    195.00    540.00     58.26   -134.51    -9
D9260     APRSWXNE     16.00    188.00    540.00     61.13   -146.36    -9
GLSA2     HADS        355.00    195.00    540.00     65.58   -148.39    -9
CHCA2     RAWS         21.00    195.00    540.00     57.73   -153.93    -9
MRGA2     HADS        640.00    195.00    540.00     64.01   -148.73    -9
RRPA2     MesoWest     18.00    195.00    540.00     60.84   -148.98    -9
PHLA2     HADS       1191.00    195.00    540.00     63.24   -145.47    -9
E7964     APRSWXNE    720.00    188.00    540.00     61.81   -148.10    -9
PXKA2     RAWS        814.00    195.00    540.00     62.95   -145.50    -9
K27KX     MesoWest    732.00    188.00    540.00     64.03   -142.08    -9
MNHA2     MesoWest    826.00    195.00    540.00     63.30   -147.63    -9
SCTAK     MesoWest   1122.00    188.00    540.00     60.68   -145.14    -9
E0989     APRSWXNE    389.00    188.00    540.00     61.10   -149.71    -9
H23KX     MesoWest    617.00    188.00    540.00     65.83   -149.54    -9
PLCA2     AKDOT       416.00    195.00    540.00     62.89   -149.77    -9
TTZA2     HADS         69.00    195.00    540.00     57.14   -134.86    -9
RBIA2     AKDOT       159.00    195.00    540.00     64.81   -147.58    -9
C23KX     MesoWest    179.00    188.00    540.00     69.84   -150.61    -9
E6470     APRSWXNE    162.00    188.00    540.00     61.64   -149.27    -9
SLVA2     MesoWest    250.00    195.00    540.00     55.38   -131.52    -9
SKNQ2     MesoWest     87.00    195.00    540.00     54.63   -128.43    -8
MORA2     MesoWest    640.00    195.00    540.00     61.38   -149.00    -9
PCRA2     MesoWest     91.00    195.00    540.00     64.99   -163.10    -9
PAPC      MesoWest      3.00    188.00    540.00     65.25   -166.85    -9
MLYX      MesoWest    812.00    188.00    540.00     65.03   -150.74    -9
PGPA2     MesoWest   1280.00    195.00    540.00     60.97   -149.38    -9
MCKA2     RAWS        481.00    195.00    540.00     61.35   -142.71    -9
GRZA2     RAWS        138.00    195.00    540.00     61.22   -149.69    -9
B21KX     MesoWest     92.00    188.00    540.00     69.62   -154.61    -9
JSBA2     HADS        442.00    195.00    540.00     58.46   -134.50    -9
BRMA2     HADS        794.00    195.00    540.00     59.78   -150.75    -9
JPDA2     MISC        149.00    195.00    540.00     58.37   -134.63    -9
E8287     APRSWXNE     81.00    188.00    540.00     61.71   -150.02    -9
CTUA2     RAWS       1385.00    195.00    540.00     61.27   -142.62    -9
D8832     APRSWXNE     37.00    188.00    540.00     58.39   -134.77    -9
F31MX     MesoWest     56.00    195.00    540.00     67.44   -133.74    -7
TS591     RAWS       1676.00    195.00    540.00     62.42   -141.32    -9
E6467     APRSWXNE     48.00    188.00    540.00     60.73   -151.29    -9
C6840     APRSWXNE    660.00    188.00    540.00     61.23   -149.44    -9
AV178     APRSWXNE     40.00    188.00    540.00     60.96   -149.14    -9
CONA2     RAWS        414.00    195.00    540.00     58.37   -155.38    -9
PTFA2     AKDOT       107.00    195.00    540.00     61.55   -149.25    -9
KGCA2     NOS-NWLO      0.00    188.00    540.00     55.06   -162.33    -9
D2174     APRSWXNE    397.00    188.00    540.00     59.74   -151.25    -9
WHRQ9     MesoWest    720.00    195.00    540.00     61.99   -140.56    -8
CENA2     DDMET       272.00    188.00    540.00     65.50   -144.68    -9
M26KX     MesoWest    888.00    188.00    540.00     62.40   -143.00    -9
TRMA2     MISC        536.00    195.00    540.00     58.30   -134.39    -9
MNDA2     HADS         21.00    195.00    540.00     58.43   -134.57    -9
SKTA2     NOS-NWLO      0.00    188.00    540.00     59.45   -135.33    -9
SUMQ2     HADS       1332.00    195.00    540.00     59.65   -135.14    -8
PAJK      MISC         27.00    195.00    540.00     58.40   -134.57    -9
PAJK      MesoWest     27.00    188.00    540.00     58.40   -134.57    -9
ARGA2     HADS        808.00    195.00    540.00     68.45   -149.37    -9
L20KX     MesoWest    673.00    195.00    540.00     62.48   -153.88    -9
TAGA2     RAWS        615.00    195.00    540.00     66.18   -158.66    -9
BNTQ2     MesoWest   1331.00    195.00    540.00     52.48   -126.25    -8
D28MX     MesoWest     32.00    195.00    540.00     69.33   -138.74    -9
BRRA2     HADS        390.00    195.00    540.00     59.76   -150.85    -9
LMLA2     MesoWest     98.00    195.00    540.00     58.82   -156.99    -9
EQPA2     APRSWXNE     19.00    188.00    540.00     61.20   -149.96    -9
WBQA2     RAWS        147.00    195.00    540.00     66.26   -146.53    -9
COLDX     MesoWest    380.00    188.00    540.00     67.23   -150.20    -9
NHPA2     AKDOT       433.00    195.00    540.00     64.71   -148.63    -9
EGYA2     RAWS        268.00    195.00    540.00     64.78   -141.16    -9
MNCA2     MesoWest    564.00    195.00    540.00     65.08   -145.87    -9
BHQIN     MesoWest    280.00    195.00    540.00     49.93   -125.51    -8
CGMA2     RAWS       1420.00    195.00    540.00     60.22   -153.47    -9
O29MX     MesoWest   1423.00    188.00    540.00     60.30   -138.58    -8
U33KX     MesoWest     11.00    195.00    540.00     56.11   -133.12    -9
COHA2     AKDOT        77.00    195.00    540.00     58.46   -134.78    -9
A19KX     MesoWest     24.00    195.00    540.00     70.20   -161.07    -9
SWKA2     RAWS         32.00    195.00    540.00     66.61   -159.09    -9
YATA2     NOS-NWLO      0.00    188.00    540.00     59.55   -139.73    -9
WNLA2     RAWS        320.00    195.00    540.00     64.32   -151.08    -9
JSMA2     MISC       1079.00    195.00    540.00     58.29   -134.26    -9
AV001     APRSWXNE     68.00    188.00    540.00     54.52   -128.60    -8
DBWA2     RAWS          9.00    195.00    540.00     59.17   -138.48    -9
E1551     APRSWXNE     75.00    188.00    540.00     61.61   -149.21    -9
P16KX     MesoWest     86.00    188.00    540.00     59.03   -157.99    -9
R16KX     MesoWest     38.00    188.00    540.00     57.57   -157.57    -9
HEAA2     MesoWest    450.00    195.00    540.00     63.87   -149.01    -9
J19KX     MesoWest    389.00    195.00    540.00     63.99   -155.62    -9
AU723     APRSWXNE   1003.00    188.00    540.00     63.18   -142.89    -9
HONA2     RAWS        137.00    195.00    540.00     57.80   -135.13    -9
O16KX     MesoWest    198.00    188.00    540.00     59.59   -158.09    -9
LGCA2     MesoWest   1266.00    188.00    540.00     58.37   -134.37    -9
SRPA2     AKDOT       315.00    188.00    540.00     60.80   -149.18    -9
I20KX     MesoWest     75.00    195.00    540.00     64.80   -154.48    -9
AS220     APRSWXNE    109.00    188.00    540.00     64.56   -149.09    -9
IOCA2     MesoWest     25.00    195.00    540.00     63.64   -158.03    -9
NUKA2     MesoWest    381.00    195.00    540.00     59.70   -150.71    -9
WLCA2     HADS        373.00    195.00    540.00     60.37   -148.90    -9
UMTA2     RAWS         81.00    188.00    540.00     69.37   -152.14    -9
MCPA2     RAWS        386.00    195.00    540.00     59.47   -150.33    -9
CSSA2     APRSWXNE     79.00    195.00    540.00     61.16   -149.78    -9
ERTA2     APRSWXNE    174.00    188.00    540.00     61.32   -149.54    -9
S34MX     MesoWest    298.00    188.00    540.00     57.91   -131.13    -8
TANA2     RAWS       1140.00    195.00    540.00     60.91   -142.90    -9
KDAA2     NOS-NWLO      0.00    188.00    540.00     57.73   -152.51    -9
RHKA2     AKDOT       105.00    188.00    540.00     61.06   -145.93    -9
MAGA2     HADS        455.00    195.00    540.00     61.79   -147.80    -9
MCWA2     RAWS        451.00    195.00    540.00     62.82   -156.61    -9
GRFA2     RAWS        233.00    195.00    540.00     67.03   -143.30    -9
BELQ9     MesoWest    661.00    195.00    540.00     60.16   -134.70    -8
M17KX     MesoWest    387.00    188.00    540.00     61.40   -157.44    -9
M23KX     MesoWest    583.00    188.00    540.00     61.79   -147.73    -9
URLA2     HADS        209.00    195.00    540.00     60.35   -149.88    -9
UKKA2     MesoWest     88.00    195.00    540.00     63.91   -160.75    -9
E2801     APRSWXNE     43.00    188.00    540.00     61.18   -149.85    -9
LTPA2     AKDOT       146.00    195.00    540.00     64.83   -147.74    -9
M15KX     MesoWest    210.00    195.00    540.00     60.69   -160.69    -9
KANA2     RAWS        252.00    195.00    540.00     66.09   -152.17    -9
J29NX     MesoWest    982.00    188.00    540.00     64.45   -138.22    -8
CLCA2     RAWS        292.00    195.00    540.00     65.30   -143.16    -9
J14KX     MesoWest     25.00    195.00    540.00     62.75   -163.55    -9
GECA2     RAWS        465.00    195.00    540.00     63.84   -144.35    -9
KUGA2     RAWS        311.00    195.00    540.00     68.32   -161.49    -9
TCOLX     MesoWest    178.00    188.00    540.00     64.87   -147.86    -9
KGAA2     MesoWest      4.00    195.00    540.00     61.36   -165.12    -9
BGLA2     RAWS         23.00    195.00    540.00     60.12   -143.28    -9
P17KX     MesoWest     91.00    188.00    540.00     59.20   -156.44    -9
H27KX     MesoWest    786.00    188.00    540.00     66.23   -141.53    -9
OVIA2     NOS-NWLO      0.00    188.00    540.00     59.44   -151.72    -9
E18KX     MesoWest    297.00    195.00    540.00     67.42   -160.60    -9
MTCA2     APRSWXNE    646.00    188.00    540.00     65.36   -146.09    -9
H21KX     MesoWest    520.00    188.00    540.00     65.66   -152.80    -9
ALEA2     HADS         17.00    195.00    540.00     59.19   -138.33    -9
