71964       706.00    181.00    511.00     60.70   -135.07    -8
71965       504.00    181.00    511.00     63.61   -135.87    -8
71195       807.00    181.00    511.00     61.36   -139.02    -8
71505       599.00    181.00    511.00     60.76   -137.59    -8
71985         6.00    181.00    511.00     69.43   -133.01    -7
71001       805.00    181.00    511.00     61.37   -139.04    -8
71055       259.00    181.00    511.00     67.02   -126.12    -7
71039       542.00    181.00    511.00     62.10   -136.18    -8
71949       717.00    181.00    511.00     62.20   -133.38    -8
71966       370.00    181.00    511.00     64.04   -139.13    -8
71968        49.00    181.00    511.00     68.95   -137.22    -8
71044       251.00    181.00    511.00     67.56   -139.84    -8
71046        13.00    181.00    511.00     69.61   -140.20    -8
71222       801.00    181.00    511.00     58.42   -130.03    -8
71491        82.00    181.00    511.00     66.23   -128.65    -7
71960       102.00    181.00    511.00     69.59   -130.91    -7
71043        78.00    181.00    511.00     65.27   -126.80    -7
71045       705.00    181.00    511.00     60.16   -132.72    -8
71978       243.00    181.00    511.00     69.16   -140.15    -8
71977       568.00    181.00    511.00     68.80   -140.84    -8
71980       618.00    192.00    511.00     61.95   -127.20    -7
71502        12.00    181.00    511.00     69.63   -135.43    -7
71506       731.00    181.00    511.00     66.97   -136.22    -8
71683        85.00    181.00    511.00     68.75   -133.50    -7
21978         4.00    181.00    511.00     70.08    170.97    -9
25123        32.00    181.00    511.00     68.80    161.28    -9
25356        74.00    181.00    511.00     66.38    173.35    -9
21982         4.00    181.00    511.00     70.98   -178.65    -9
25042        13.00    181.00    511.00     69.91    167.96    -9
32252         7.00    181.00    511.00     58.50    159.16    -9
32389        28.00    181.00    511.00     56.32    160.83    -9
32618        17.00    181.00    511.00     55.20    165.98    -9
25044         6.00    181.00    511.00     69.48    166.55    -9
25051         4.00    181.00    511.00     69.70    170.28    -9
25062         2.00    181.00    511.00     69.88    175.76    -9
25129         8.00    181.00    511.00     68.15    161.16    -9
25147       279.00    181.00    511.00     68.05    166.45    -9
25151         4.00    181.00    511.00     68.88    170.78    -9
25248       356.00    181.00    511.00     67.25    167.97    -9
25282         5.00    181.00    511.00     67.84   -175.83    -9
25335       286.00    181.00    511.00     66.53    164.28    -9
25378        26.00    181.00    511.00     66.34   -179.12    -9
25399         7.00    181.00    511.00     66.17   -169.83    -9
25428       265.00    181.00    511.00     65.23    160.50    -9
25469        18.00    181.00    511.00     65.18    176.76    -9
25551        33.00    181.00    511.00     64.68    170.42    -9
25561         8.00    181.00    511.00     64.86    174.48    -9
25563        62.00    181.00    511.00     64.78    177.57    -9
25121        15.00    181.00    511.00     68.73    158.72    -9
25138        98.00    181.00    511.00     68.12    164.15    -9
25956         8.00    181.00    511.00     60.45    169.58    -9
25034        26.00    181.00    511.00     69.56    162.30    -9
25627       709.00    181.00    511.00     63.30    158.50    -9
25648        44.00    181.00    511.00     63.20    167.85    -9
25820        11.00    181.00    511.00     61.91    159.21    -9
25922        33.00    181.00    511.00     60.71    155.88    -9
25941        14.00    181.00    511.00     60.73    163.01    -9
32287         8.00    181.00    511.00     57.07    156.83    -9
32333         9.00    181.00    511.00     57.65    163.22    -9
25715       499.00    181.00    511.00     62.51    155.80    -9
32408        30.00    181.00    511.00     56.23    162.69    -9
32411         4.00    181.00    511.00     55.58    155.58    -9
71364       103.00    181.00    511.00     68.31   -133.53    -7
PANT         34.00    187.00    512.00     55.03   -131.57    -9
PAVC         47.00    187.00    512.00     55.12   -162.27    -9
PAHY          0.00    187.00    512.00     55.20   -132.83    -9
PACD         26.00    187.00    512.00     55.22   -162.72    -9
PASD          7.00    187.00    512.00     55.32   -160.52    -9
PAKT         29.00    187.00    512.00     55.35   -131.69    -9
PAKW         24.00    187.00    512.00     55.58   -133.08    -9
CZST          7.00    187.00    512.00     55.93   -129.97    -8
PAOU          4.00    187.00    512.00     56.01   -161.16    -9
PAWG         13.00    187.00    512.00     56.48   -132.37    -9
PAPB         38.00    187.00    512.00     56.58   -169.67    -9
PAPG          0.00    187.00    512.00     56.82   -132.97    -9
PAKH         13.00    187.00    512.00     56.94   -154.18    -9
PAPH         29.00    187.00    512.00     56.95   -158.62    -9
PAFE         52.00    187.00    512.00     56.96   -133.91    -9
PASI         20.00    187.00    512.00     57.07   -135.35    -9
PASN          9.00    187.00    512.00     57.15   -170.22    -9
PAGN          0.00    187.00    512.00     57.50   -134.59    -9
PAPN         17.00    187.00    512.00     57.58   -157.57    -9
PADQ         34.00    187.00    512.00     57.75   -152.50    -9
PAOH          0.00    187.00    512.00     58.12   -135.44    -9
PAJN          7.00    187.00    512.00     58.37   -134.58    -9
PAGS          9.00    187.00    512.00     58.42   -135.72    -9
CWKX        807.00    183.00    512.00     58.42   -130.00    -8
CYDL        807.00    187.00    512.00     58.42   -130.00    -8
PAEH        165.00    187.00    512.00     58.65   -162.07    -9
PAKN         17.00    187.00    512.00     58.68   -156.65    -9
PFWS         49.00    187.00    512.00     58.70   -157.00    -9
PFCL         24.00    187.00    512.00     58.83   -158.53    -9
PAMB         16.00    187.00    512.00     58.99   -159.05    -9
PAPM          5.00    187.00    512.00     59.01   -161.82    -9
PADL         29.00    187.00    512.00     59.05   -158.52    -9
PAHN          5.00    187.00    512.00     59.25   -135.52    -9
PAIG         27.00    187.00    512.00     59.32   -155.90    -9
PAMD         14.00    187.00    512.00     59.43   -146.33    -9
PASO          9.00    187.00    512.00     59.44   -151.69    -9
PANW         92.00    187.00    512.00     59.45   -157.33    -9
PAGY          5.00    187.00    512.00     59.47   -135.30    -9
PAYA          9.00    187.00    512.00     59.52   -139.66    -9
PAHO         22.00    187.00    512.00     59.63   -151.50    -9
PAJZ         82.00    187.00    512.00     59.73   -157.26    -9
PAQH         13.00    187.00    512.00     59.75   -161.83    -9
PAIL         49.00    187.00    512.00     59.75   -154.91    -9
PAKI          3.00    187.00    512.00     59.93   -164.03    -9
CYQH        689.00    187.00    512.00     60.11   -128.82    -8
CXQH        690.00    183.00    512.00     60.11   -128.81    -8
PAWD          3.00    187.00    512.00     60.13   -149.41    -9
CWZW        705.00    183.00    512.00     60.17   -132.77    -8
CYZW        705.00    187.00    512.00     60.17   -132.74    -8
PASX         33.00    187.00    512.00     60.48   -151.03    -9
PACV         13.00    187.00    512.00     60.50   -145.50    -9
PAOO         18.00    187.00    512.00     60.53   -165.11    -9
PAEN         29.00    187.00    512.00     60.57   -151.25    -9
PANA          5.00    187.00    512.00     60.68   -161.97    -9
CYXY        706.00    187.00    512.00     60.71   -135.06    -8
CVXY        707.00    183.00    512.00     60.73   -135.10    -8
CWHT        599.00    183.00    512.00     60.77   -137.58    -8
PABE         38.00    187.00    512.00     60.78   -161.84    -9
PATO         29.00    187.00    512.00     60.78   -148.83    -9
PFKW          8.00    187.00    512.00     60.80   -161.43    -9
PPIT          4.00    187.00    512.00     60.90   -162.43    -9
PASV        484.00    187.00    512.00     61.10   -155.58    -9
PAVD         37.00    187.00    512.00     61.13   -146.27    -9
PANC         44.00    187.00    512.00     61.17   -150.02    -9
PALH         22.00    187.00    512.00     61.18   -149.97    -9
PAMR         42.00    187.00    512.00     61.22   -149.85    -9
PAED         65.00    187.00    512.00     61.25   -149.80    -9
PAFR        115.00    187.00    512.00     61.27   -149.65    -9
CYDB        806.00    187.00    512.00     61.36   -139.05    -8
PABV         29.00    187.00    512.00     61.42   -149.52    -9
PAVA         23.00    187.00    512.00     61.54   -165.60    -9
PALG         17.00    187.00    512.00     61.54   -160.34    -9
PAAQ         71.00    187.00    512.00     61.60   -149.08    -9
PARS         16.00    187.00    512.00     61.77   -161.32    -9
PACZ        146.00    187.00    512.00     61.78   -166.03    -9
PADM         31.00    187.00    512.00     61.86   -162.03    -9
PAZK       1002.00    187.00    512.00     61.93   -147.16    -9
CWQF        634.00    193.00    512.00     61.97   -127.22    -7
PASM         95.00    193.00    512.00     62.07   -163.30    -9
PAMO        102.00    187.00    512.00     62.10   -163.68    -9
CXCK        540.00    183.00    512.00     62.12   -136.18    -8
PAGK        481.00    187.00    512.00     62.15   -145.44    -9
CWUM        717.00    183.00    512.00     62.23   -133.35    -8
PATK        109.00    187.00    512.00     62.30   -150.10    -9
PAHX         24.00    187.00    512.00     62.70   -159.56    -9
PAEM          3.00    187.00    512.00     62.77   -164.50    -9
PATL        294.00    187.00    512.00     62.90   -155.97    -9
PAMC        103.00    187.00    512.00     62.95   -155.60    -9
PAOR        525.00    187.00    512.00     62.97   -141.93    -9
PAFS        126.00    187.00    512.00     63.02   -154.36    -9
PAMK         28.00    187.00    512.00     63.49   -162.11    -9
CYMA        503.00    187.00    512.00     63.61   -135.86    -8
PASA         16.00    187.00    512.00     63.68   -170.50    -9
PAIN        524.00    187.00    512.00     63.73   -148.91    -9
PAUN          6.00    187.00    512.00     63.88   -160.80    -9
PAMH        214.00    187.00    512.00     63.90   -152.27    -9
PABI        391.00    187.00    512.00     64.00   -145.72    -9
CWON        370.00    183.00    512.00     64.05   -139.15    -8
PAKV         61.00    187.00    512.00     64.31   -158.72    -9
PFSH          7.00    187.00    512.00     64.37   -161.22    -9
PAOM         11.00    187.00    512.00     64.52   -165.43    -9
PAGL          8.00    187.00    512.00     64.54   -163.04    -9
PANN        110.00    187.00    512.00     64.55   -149.08    -9
PFEL         49.00    187.00    512.00     64.62   -162.27    -9
PAEI        167.00    187.00    512.00     64.67   -147.10    -9
PAWM         82.00    187.00    512.00     64.68   -163.41    -9
PAGA         46.00    187.00    512.00     64.73   -156.93    -9
PARY        199.00    187.00    512.00     64.73   -155.47    -9
UHMA         62.00    187.00    512.00     64.73    177.73    -9
PAEG        268.00    187.00    512.00     64.78   -141.15    -9
PAFA        138.00    187.00    512.00     64.81   -147.87    -9
PAFB        137.00    187.00    512.00     64.83   -147.62    -9
PAKK         37.00    187.00    512.00     64.93   -161.16    -9
PATA         67.00    187.00    512.00     65.17   -152.10    -9
PATE         90.00    187.00    512.00     65.23   -166.33    -9
CYVQ         73.00    187.00    512.00     65.28   -126.80    -7
CNVQ         94.00    183.00    512.00     65.28   -126.75    -7
PFKT         11.00    187.00    512.00     65.33   -166.46    -9
PATC         83.00    187.00    512.00     65.56   -167.92    -9
PAIW          7.00    187.00    512.00     65.62   -168.10    -9
PAHL         67.00    187.00    512.00     65.70   -156.35    -9
PABL          7.00    187.00    512.00     65.98   -161.15    -9
PAIM        389.00    187.00    512.00     66.00   -153.69    -9
CZGH         82.00    183.00    512.00     66.23   -128.65    -7
PFYU        131.00    187.00    512.00     66.56   -145.27    -9
PASK          8.00    187.00    512.00     66.62   -160.00    -9
PFNO         17.00    187.00    512.00     66.81   -161.02    -9
PAOT          5.00    187.00    512.00     66.87   -162.63    -9
PAGH         60.00    187.00    512.00     66.87   -157.16    -9
PABT        196.00    187.00    512.00     66.92   -151.52    -9
CWRR        600.00    183.00    512.00     66.95   -136.27    -8
PAIK         46.00    187.00    512.00     66.98   -160.43    -9
CWFX        259.00    183.00    512.00     67.03   -126.08    -7
PAFM         88.00    187.00    512.00     67.09   -157.85    -9
PAWN         30.00    187.00    512.00     67.56   -162.97    -9
CYOC        251.00    187.00    512.00     67.56   -139.83    -8
CZOC        251.00    183.00    512.00     67.56   -139.83    -8
PAVL          3.00    187.00    512.00     67.73   -164.55    -9
PARC        636.00    187.00    512.00     68.12   -145.57    -9
PAKP        643.00    187.00    512.00     68.13   -151.72    -9
CYEV         68.00    187.00    512.00     68.30   -133.47    -7
CZEV        103.00    183.00    512.00     68.31   -133.52    -7
PAPO          4.00    187.00    512.00     68.34   -166.80    -9
CXTV         85.00    183.00    512.00     68.75   -133.50    -7
CWZR        543.00    183.00    512.00     68.80   -140.85    -8
PALU          3.00    187.00    512.00     68.88   -166.13    -9
CWVH        261.00    187.00    512.00     68.91   -133.94    -7
CYUA         38.00    187.00    512.00     68.95   -137.28    -8
CWOI        244.00    183.00    512.00     69.15   -140.15    -8
CYUB          4.00    187.00    512.00     69.43   -133.01    -7
CWLI        102.00    187.00    512.00     69.59   -130.91    -7
CWKM         13.00    187.00    512.00     69.61   -140.19    -8
CWND         12.00    183.00    512.00     69.63   -135.43    -7
PPIZ          6.00    187.00    512.00     69.73   -163.02    -9
PAAD          8.00    187.00    512.00     70.13   -146.28    -9
PABA          2.00    187.00    512.00     70.13   -143.58    -9
PAQT         12.00    187.00    512.00     70.20   -151.01    -9
PASC         17.00    187.00    512.00     70.20   -148.47    -9
PAKU         20.00    187.00    512.00     70.31   -149.58    -9
PALP          5.00    187.00    512.00     70.33   -150.93    -9
PAWI         27.00    187.00    512.00     70.62   -159.85    -9
PABR         13.00    187.00    512.00     71.28   -156.78    -9
PAMM          0.00    187.00    512.00     55.13   -131.58    -9
PAII         28.00    187.00    512.00     58.18   -157.38    -9
PAEL          0.00    187.00    512.00     58.20   -136.35    -9
PALJ         85.00    187.00    512.00     60.20   -154.32    -9
PANI         26.00    187.00    512.00     61.58   -159.53    -9
PAPT        565.00    187.00    512.00     62.09   -152.74    -9
PATG          6.00    187.00    512.00     59.05   -160.40    -9
PASL         54.00    187.00    512.00     61.72   -157.15    -9
CYXQ        649.00    187.00    512.00     62.41   -140.86    -8
CYGH         81.00    187.00    512.00     66.23   -128.65    -7
CZFM         43.00    187.00    512.00     67.40   -134.85    -7
CYKD          6.00    187.00    512.00     68.20   -135.00    -7
CYSY         86.00    187.00    512.00     72.00   -125.14    -7
CZFA        716.00    187.00    512.00     62.20   -133.37    -8
CYDA        370.00    187.00    512.00     64.04   -139.13    -8
PADG        295.00    187.00    512.00     68.03   -162.88    -9
PADE          5.00    187.00    512.00     66.06   -162.77    -9
PAEC        412.00    187.00    512.00     62.83   -149.91    -9
PANV         99.00    187.00    512.00     62.65   -160.18    -9
PAJC          6.00    187.00    512.00     56.31   -158.37    -9
UHMD          3.00    187.00    512.00     64.42   -173.23    -9
CYVL        274.00    187.00    512.00     67.01   -126.07    -7
PATQ         29.00    187.00    512.00     70.47   -157.44    -9
CZFN        101.00    187.00    512.00     64.91   -125.56    -7
PAGM          8.00    187.00    512.00     63.77   -171.73    -9
PAPR        335.00    187.00    512.00     66.81   -150.63    -9
PAPC          5.00    187.00    512.00     65.25   -166.87    -9
PACM          4.00    187.00    512.00     61.85   -165.57    -9
PAGB        814.00    187.00    512.00     68.48   -149.47    -9
PASH          2.00    187.00    512.00     66.27   -166.05    -9
PALV         12.00    187.00    512.00     60.82   -152.30    -9
