71959        18.00    192.00    511.00     69.45   -133.00    -8
71220        26.00    192.00    511.00     54.30   -130.62    -8
71112        27.00    192.00    511.00     48.91   -125.55    -8
71491        82.00    192.00    511.00     66.23   -128.65    -8
71980       634.00    192.00    511.00     61.96   -127.21    -8
71500        61.00    192.00    511.00     69.08   -138.02    -8
71981       155.00    192.00    511.00     65.95   -130.46    -8
71048       610.00    192.00    511.00     61.63   -125.79    -8
71051        88.00    192.00    511.00     72.00   -125.26    -7
71102         0.00    192.00    511.00     53.04   -129.68    -8
71105         9.00    192.00    511.00     50.98   -127.73    -8
71440         5.00    192.00    511.00     54.17   -130.37    -8
71481        19.00    192.00    511.00     50.39   -125.86    -8
70333         0.00    192.00    511.00     56.95   -158.62    -9
71482         0.00    192.00    511.00     52.18   -127.46    -8
25956         0.00    183.00    511.00     60.45    169.58    -9
32725         0.00    194.00    562.00     -3.21   -145.49    -9
51515         0.00    194.00    562.00      5.77    -87.74    -8
51819         0.00    194.00    562.00      7.57   -118.48    -8
51817         0.00    194.00    562.00      8.02   -113.40    -8
51797         0.00    194.00    562.00      8.77   -121.96    -8
51816         0.00    194.00    562.00      8.86   -119.67    -8
51624         0.00    180.00    562.00      8.88   -119.93    -8
51811         0.00    194.00    562.00      8.93   -118.38    -8
51812         0.00    194.00    562.00      9.06   -115.91    -8
32629         0.00    194.00    562.00      9.10   -103.25    -8
51810         0.00    194.00    562.00      9.46   -118.30    -8
32644         0.00    194.00    562.00      9.64   -125.93    -8
32667         0.00    194.00    562.00      9.85   -103.02    -8
51648         0.00    194.00    562.00     10.30   -123.85    -8
32679         0.00    194.00    562.00     10.96   -102.70    -8
51616         0.00    180.00    562.00     11.30   -142.29    -9
46906         0.00    180.00    562.00     11.32   -125.88    -8
32905         0.00    194.00    562.00     11.46   -122.16    -8
32699         0.00    194.00    562.00     11.78   -116.35    -8
32802         0.00    194.00    562.00     11.96   -140.50    -9
32803         0.00    194.00    562.00     12.02   -117.78    -8
51635         0.00    194.00    562.00     12.11   -118.98    -8
52670         0.00    194.00    562.00     12.26   -160.78   -11
52666         0.00    194.00    562.00     12.86   -162.90   -11
51787         0.00    194.00    562.00     13.53   -151.26   -10
41707         0.00    180.00    562.00     13.77    -61.05    -6
43525         0.00    194.00    562.00     13.86   -131.90    -8
32741         0.00    194.00    562.00     14.53   -150.24   -10
51801         0.00    194.00    562.00     15.22   -150.08   -10
51800         0.00    194.00    562.00     15.33   -148.88   -10
51615         0.00    180.00    562.00     16.01   -138.73    -9
52663         0.00    194.00    562.00     16.11   -169.01   -11
44885         0.00    180.00    562.00     16.20    -52.90    -6
13665         0.00    180.00    562.00     17.29    -49.16    -6
51716         0.00    194.00    562.00     17.32    143.13    12
62560         0.00    180.00    562.00     19.67    -41.92    -6
13869         0.00    180.00    562.00     20.19    -44.37    -6
43534         0.00    180.00    562.00     20.37   -158.16   -11
43536         0.00    194.00    562.00     20.37   -121.39    -8
41690         0.00    194.00    562.00     20.48    -72.82    -6
52804         0.00    194.00    562.00     20.64   -158.40   -11
32668         0.00    194.00    562.00     20.74   -149.97   -10
46930         0.00    194.00    562.00     21.03   -173.62   -11
43541         0.00    194.00    562.00     21.16   -139.98    -9
13572         0.00    180.00    562.00     21.64    -42.49    -6
51806         0.00    194.00    562.00     21.69   -169.45   -11
21532         0.00    180.00    562.00     21.86   -139.73    -9
44837         0.00    180.00    562.00     22.29    -66.91    -6
43550         0.00    194.00    562.00     22.35   -147.45   -10
41708         0.00    180.00    562.00     22.44    -66.34    -6
13871         0.00    180.00    562.00     22.46    -43.15    -6
46926         0.00    194.00    562.00     22.99   -156.65   -11
43508         0.00    180.00    562.00     23.19   -165.55   -11
41678         0.00    194.00    562.00     23.23    -79.64    -7
51540         0.00    194.00    562.00     23.64   -160.64   -11
31863         0.00    180.00    562.00     23.68    -70.11    -6
52669         0.00    194.00    562.00     23.72   -162.34   -11
46918         0.00    180.00    562.00     23.79   -128.33    -8
51644         0.00    194.00    562.00     24.01   -127.36    -8
32542         0.00    194.00    562.00     24.05   -145.43    -9
41635         0.00    180.00    562.00     24.25    -62.86    -6
31515         0.00    180.00    562.00     24.37    -75.48    -6
43576         0.00    194.00    562.00     24.61    -94.20    -8
43516         0.00    180.00    562.00     24.62   -127.00    -8
62941         0.00    180.00    562.00     24.67    -33.16    -6
41730         0.00    180.00    562.00     24.80    -73.88    -7
46907         0.00    194.00    562.00     25.08   -145.31    -9
44839         0.00    180.00    562.00     26.22    -34.27    -6
43535         0.00    180.00    562.00     26.27   -154.97   -11
44890         0.00    180.00    562.00     26.53    -76.97    -6
41975         0.00    180.00    562.00     26.63    -47.02    -6
51628         0.00    194.00    562.00     26.64    177.51   -11
51779         0.00    194.00    562.00     26.75   -160.42   -11
46606         0.00    194.00    562.00     26.93   -134.07    -8
13633         0.00    180.00    562.00     27.18    -52.70    -6
21942         0.00    180.00    562.00     27.61    -44.67    -6
43544         0.00    194.00    562.00     27.74   -132.57    -8
41599         0.00    180.00    562.00     27.84    -77.01    -6
51677         0.00    194.00    562.00     27.93   -175.72   -11
44624         0.00    180.00    562.00     28.16    -58.58    -6
42501         0.00    194.00    562.00     28.24    -55.99    -6
46612         0.00    194.00    562.00     28.45   -131.18    -8
41608         0.00    194.00    562.00     28.46    -31.72    -6
52839         0.00    194.00    562.00     28.53   -162.74   -11
44848         0.00    180.00    562.00     28.63    -26.59    -6
44863         0.00    180.00    562.00     28.69    -61.36    -6
21890         0.00    194.00    562.00     29.07   -132.68    -8
42559         0.00    194.00    562.00     29.10    -93.82    -8
13902         0.00    194.00    562.00     29.12    -60.49    -6
13515         0.00    180.00    562.00     29.20    -54.37    -6
44887         0.00    180.00    562.00     29.57    -45.88    -6
21891         0.00    180.00    562.00     29.98   -179.97   -11
44835         0.00    180.00    562.00     30.16    -40.18    -6
13568         0.00    194.00    562.00     30.75    173.60   -11
51530         0.00    194.00    562.00     30.85   -131.06    -8
51781         0.00    194.00    562.00     30.86   -149.47   -10
41731         0.00    180.00    562.00     30.88    -60.20    -6
51526         0.00    194.00    562.00     30.94   -140.98    -9
44843         0.00    194.00    562.00     31.26    -24.11    -6
52815         0.00    194.00    562.00     31.34    180.00   -11
62556         0.00    180.00    562.00     31.52    -24.63    -6
44846         0.00    180.00    562.00     31.76    -25.45    -6
41506         0.00    180.00    562.00     31.77    -49.89    -6
21580         0.00    180.00    562.00     31.78   -178.97   -11
46561         0.00    194.00    562.00     31.83   -138.60    -9
51778         0.00    194.00    562.00     31.86   -158.91   -11
21547         0.00    180.00    562.00     31.93   -167.85   -11
21575         0.00    180.00    562.00     31.96   -151.45   -10
21898         0.00    180.00    562.00     32.21   -142.03    -9
46623         0.00    194.00    562.00     32.57   -130.98    -8
46621         0.00    194.00    562.00     32.64   -154.79   -10
41706         0.00    180.00    562.00     32.80    -35.61    -6
46559         0.00    194.00    562.00     33.02   -163.37   -11
44768         0.00    180.00    562.00     33.03    -24.92    -6
44891         0.00    180.00    562.00     33.04    -58.33    -6
52679         0.00    194.00    562.00     33.18    171.26   -11
44776         0.00    180.00    562.00     33.34    -26.76    -6
21528         0.00    180.00    562.00     33.47   -169.59   -11
21534         0.00    180.00    562.00     33.61   -138.68    -9
52594         0.00    194.00    562.00     33.71   -155.88   -11
21856         0.00    180.00    562.00     33.74   -172.07   -11
21899         0.00    180.00    562.00     33.83   -155.09   -10
46566         0.00    194.00    562.00     33.89   -147.62   -10
44889         0.00    180.00    562.00     34.10    -44.48    -6
21945         0.00    180.00    562.00     34.23   -172.46   -11
41970         0.00    180.00    562.00     34.26    -70.60    -6
21910         0.00    180.00    562.00     34.34   -154.54   -10
21904         0.00    180.00    562.00     34.54   -178.72   -11
41679         0.00    194.00    562.00     34.72    -60.77    -6
21622         0.00    194.00    562.00     34.73    170.33   -11
21930         0.00    194.00    562.00     34.77   -173.69   -11
21911         0.00    180.00    562.00     34.77   -145.07   -10
21897         0.00    180.00    562.00     34.81   -157.29   -11
44745         0.00    194.00    562.00     34.98    -31.79    -6
44896         0.00    180.00    562.00     35.04    -30.17    -6
52607         0.00    194.00    562.00     35.05    166.70   -11
44873         0.00    180.00    562.00     35.09    -44.73    -6
52907         0.00    194.00    562.00     35.13    163.21    12
43577         0.00    194.00    562.00     35.20    -21.22    -6
21524         0.00    180.00    562.00     35.21   -155.69   -10
44874         0.00    180.00    562.00     35.25    -29.64    -6
44558         0.00    180.00    562.00     35.30    -55.53    -6
41597         0.00    180.00    562.00     35.34    -55.15    -6
21536         0.00    180.00    562.00     35.55   -161.94   -11
52665         0.00    194.00    562.00     35.70   -169.95   -11
41685         0.00    194.00    562.00     35.87    -68.35    -6
44875         0.00    180.00    562.00     35.89    -39.62    -6
21915         0.00    180.00    562.00     35.94   -148.89   -10
21924         0.00    194.00    562.00     36.13   -164.71   -11
46518         0.00    180.00    562.00     36.15   -128.69    -8
46613         0.00    180.00    562.00     36.27   -141.29    -9
21853         0.00    180.00    562.00     36.35   -174.59   -11
46901         0.00    180.00    562.00     36.50   -142.76    -9
41936         0.00    180.00    562.00     36.87    -41.71    -6
21954         0.00    180.00    562.00     37.05    171.50   -11
21525         0.00    180.00    562.00     37.09   -178.93   -11
41590         0.00    180.00    562.00     37.17    -39.35    -6
52601         0.00    194.00    562.00     37.19    159.79    12
44856         0.00    180.00    562.00     37.23    -37.37    -6
44869         0.00    194.00    562.00     37.33    -20.82    -6
44746         0.00    180.00    562.00     37.65    -22.51    -6
44775         0.00    180.00    562.00     37.95    -50.48    -6
21625         0.00    180.00    562.00     38.05   -151.08   -10
21950         0.00    180.00    562.00     38.12    170.88    12
21537         0.00    194.00    562.00     38.43   -149.00   -10
21957         0.00    180.00    562.00     38.44   -173.22   -11
62940         0.00    180.00    562.00     38.51    -17.50    -6
21740         0.00    194.00    562.00     38.72   -160.79   -11
44778         0.00    180.00    562.00     38.76    -20.42    -6
52606         0.00    194.00    562.00     38.80    157.80    12
21544         0.00    180.00    562.00     39.12   -147.16   -10
21895         0.00    180.00    562.00     39.27   -135.25    -9
21538         0.00    180.00    562.00     39.37   -154.85   -10
52841         0.00    194.00    562.00     39.49    169.18    12
21855         0.00    180.00    562.00     39.54   -153.60   -10
21946         0.00    180.00    562.00     39.76   -135.00    -9
21962         0.00    180.00    562.00     39.79    178.37   -11
21952         0.00    180.00    562.00     40.00   -149.54   -10
21926         0.00    194.00    562.00     40.02   -160.92   -11
46770         0.00    180.00    562.00     40.28   -147.23   -10
21965         0.00    194.00    562.00     40.30    169.64    12
52619         0.00    194.00    562.00     40.38    163.45    12
62724         0.00    194.00    562.00     40.43    -22.74    -6
21857         0.00    180.00    562.00     40.58   -151.31   -10
44521         0.00    180.00    562.00     40.60    -27.69    -6
44766         0.00    180.00    562.00     40.82    -25.32    -6
21944         0.00    180.00    562.00     41.03   -160.22   -11
21571         0.00    180.00    562.00     41.06   -165.43   -11
41729         0.00    180.00    562.00     41.28    -40.47    -6
41972         0.00    180.00    562.00     41.30    -29.40    -6
21916         0.00    180.00    562.00     41.34    178.12   -11
21901         0.00    180.00    562.00     41.37   -150.48   -10
21951         0.00    180.00    562.00     41.52   -174.94   -11
21914         0.00    180.00    562.00     41.82   -138.52    -9
42517         0.00    194.00    562.00     42.02    -33.15    -6
47574         0.00    180.00    562.00     42.08    -51.28    -6
52801         0.00    194.00    562.00     42.24    169.25    12
22628         0.00    180.00    562.00     42.52   -153.72   -10
21539         0.00    180.00    562.00     42.55   -130.34    -9
62714         0.00    180.00    562.00     42.81    -25.44    -6
62554         0.00    180.00    562.00     42.86    -16.08    -6
21934         0.00    180.00    562.00     42.99   -170.57   -11
62713         0.00    180.00    562.00     43.29    -43.61    -6
21961         0.00    180.00    562.00     43.29    167.93    12
44904         0.00    180.00    562.00     43.80    -21.96    -6
44857         0.00    180.00    562.00     43.83    -25.82    -6
21925         0.00    180.00    562.00     43.85   -135.49    -9
22623         0.00    180.00    562.00     43.94    177.03    12
46915         0.00    180.00    562.00     44.21   -171.58   -11
44777         0.00    180.00    562.00     44.21    -51.21    -6
21574         0.00    180.00    562.00     44.24   -155.94   -10
47546         0.00    180.00    562.00     44.29    -52.09    -6
21621         0.00    180.00    562.00     44.55   -168.18   -11
44670         0.00    180.00    562.00     44.68    -52.97    -6
47539         0.00    180.00    562.00     44.69    -22.78    -6
47555         0.00    180.00    562.00     44.93    -51.81    -6
44902         0.00    180.00    562.00     45.12    -19.23    -6
62559         0.00    180.00    562.00     45.23    -28.57    -6
46532         0.00    180.00    562.00     45.30   -144.80   -10
44773         0.00    180.00    562.00     45.38     -5.60    -6
21530         0.00    180.00    562.00     46.42   -152.15   -10
47569         0.00    180.00    562.00     46.60    -24.03    -6
44901         0.00    180.00    562.00     46.67    -36.07    -6
47551         0.00    180.00    562.00     47.69    -47.95    -6
47584         0.00    194.00    562.00     47.74    -23.86    -6
47557         0.00    180.00    562.00     47.74    -18.73    -6
44779         0.00    180.00    562.00     47.86    -41.96    -6
47567         0.00    194.00    562.00     48.44    -32.34    -6
47568         0.00    180.00    562.00     48.45    -15.91    -6
46524         0.00    180.00    562.00     48.80   -136.73    -9
44772         0.00    180.00    562.00     48.89    -26.31    -6
21963         0.00    180.00    562.00     49.05    164.07    11
21956         0.00    180.00    562.00     49.14   -179.11   -11
46911         0.00    180.00    562.00     49.28   -130.71    -9
44614         0.00    180.00    562.00     49.84     -7.20    -6
21955         0.00    180.00    562.00     49.91   -168.49   -11
62558         0.00    180.00    562.00     49.92    -11.57    -6
44765         0.00    180.00    562.00     50.04    -30.08    -6
46778         0.00    180.00    562.00     50.23   -172.87   -10
25617         0.00    180.00    562.00     50.41    -33.09    -6
44604         0.00    194.00    562.00     50.60     -7.67    -6
46589         0.00    180.00    562.00     50.72    168.67    11
21527         0.00    180.00    562.00     51.03   -156.54    -9
47560         0.00    180.00    562.00     51.34    -22.47    -6
65602         0.00    180.00    562.00     51.82    -31.06    -6
47562         0.00    180.00    562.00     52.09    -20.54    -6
21893         0.00    180.00    562.00     52.35    175.89   -10
46538         0.00    194.00    562.00     52.76   -132.95    -9
65514         0.00    180.00    562.00     52.96    -24.62    -6
47540         0.00    180.00    562.00     53.19    -21.93    -6
21522         0.00    180.00    562.00     53.23   -171.48   -10
21526         0.00    180.00    562.00     53.40   -174.16   -10
46531         0.00    194.00    562.00     53.54   -148.47    -9
44513         0.00    180.00    562.00     53.71    -10.09    -6
46527         0.00    180.00    562.00     54.18   -147.13    -9
46910         0.00    180.00    562.00     54.31    179.44   -10
46779         0.00    180.00    562.00     54.40   -169.06    -9
46565         0.00    194.00    562.00     54.74   -138.92    -9
46517         0.00    180.00    562.00     55.44   -142.55    -9
46583         0.00    180.00    562.00     55.80   -139.53    -9
21545         0.00    180.00    562.00     56.01   -155.68    -9
46726         0.00    180.00    562.00     56.02    170.26    11
46519         0.00    180.00    562.00     56.73   -150.41    -9
46615         0.00    194.00    562.00     56.92   -156.80    -9
46618         0.00    180.00    562.00     57.20   -174.49    -9
46522         0.00    180.00    562.00     57.62   -151.26    -9
65515         0.00    180.00    562.00     58.27    -36.11    -6
46905         0.00    194.00    562.00     58.35   -141.50    -9
64562         0.00    180.00    562.00     58.39    -39.54    -6
64551         0.00    180.00    562.00     58.46    -38.88    -6
46660         0.00    180.00    562.00     58.84   -151.44    -9
47509         0.00    180.00    562.00     58.91    -40.38    -6
47549         0.00    180.00    562.00     59.74    -16.96    -6
46534         0.00    180.00    562.00     60.24    171.90    11
44515         0.00    180.00    562.00     60.59     -7.92    -6
44761         0.00    180.00    562.00     60.93     -0.02    -7
65599         0.00    180.00    562.00     61.59     -5.81    -6
62513         0.00    180.00    562.00     61.64    -38.73    -6
65596         0.00    180.00    562.00     64.62    -11.72    -6
64526         0.00    180.00    562.00     65.27    -57.27    -6
64560         0.00    180.00    562.00     66.06    -21.51    -6
65519         0.00    180.00    562.00     66.23     -2.94    -7
64524         0.00    180.00    562.00     66.92     13.42    -7
47552         0.00    180.00    562.00     67.38    -63.31    -6
47589         0.00    180.00    562.00     67.39    -63.30    -6
48570         0.00    180.00    562.00     67.93   -176.27    11
65603         0.00    180.00    562.00     68.01    -53.72    -6
48726         0.00    180.00    562.00     68.13   -177.01    11
47573         0.00    194.00    562.00     68.36    -98.99    -7
64666         0.00    180.00    562.00     68.87    -19.15    -7
63646         0.00    180.00    562.00     69.05     11.66    -7
63567         0.00    194.00    562.00     69.20     10.43    -7
48634         0.00    180.00    562.00     70.18   -146.60    -9
48546         0.00    194.00    562.00     70.20   -146.21    -9
48645         0.00    180.00    562.00     70.23   -151.06    -9
44866         0.00    180.00    562.00     70.26     19.56    -9
26545         0.00    180.00    562.00     70.51    -13.68    -7
48549         0.00    194.00    562.00     70.55   -151.91    -9
48552         0.00    194.00    562.00     70.61   -152.43    -9
48633         0.00    180.00    562.00     70.82   -154.00    -9
48642         0.00    180.00    562.00     70.90   -152.82    -9
48731         0.00    180.00    562.00     70.93   -100.54    -7
64547         0.00    180.00    562.00     71.00      4.30    -7
63565         0.00    194.00    562.00     71.26     15.17    -9
63566         0.00    194.00    562.00     71.87     17.07    -9
48623         0.00    180.00    562.00     72.28   -177.42    11
48769         0.00    180.00    562.00     73.07   -113.94    -7
48269         0.00    180.00    562.00     73.42   -114.30    -7
48270         0.00    180.00    562.00     73.59   -114.50    -7
64553         0.00    180.00    562.00     73.75      5.39    -7
48792         0.00    180.00    562.00     73.82   -179.27    11
48271         0.00    180.00    562.00     74.07   -116.27    -7
48793         0.00    180.00    562.00     74.10   -172.69   -12
63562         0.00    194.00    562.00     74.85      8.01    -8
64519         0.00    180.00    562.00     75.40      4.41    -8
48513         0.00    180.00    562.00     75.64    169.16    11
63564         0.00    194.00    562.00     75.69     12.69    -9
48790         0.00    180.00    562.00     75.97    175.24    11
48536         0.00    194.00    562.00     77.80    170.08    11
48791         0.00    180.00    562.00     78.55   -166.16   -11
48282         0.00    180.00    562.00     78.73   -136.54    -9
64530         0.00    180.00    562.00     79.59     15.23    -9
48733         0.00    180.00    562.00     79.80   -117.25    -9
48279         0.00    180.00    562.00     79.84   -164.89   -11
48594         0.00    180.00    562.00     80.59    -99.09    -7
48273         0.00    180.00    562.00     81.20   -148.24   -10
48283         0.00    180.00    562.00     81.54   -136.99   -10
25525         0.00    194.00    562.00     81.62    124.57    11
64973         0.00    180.00    562.00     81.74     20.48   -10
48278         0.00    180.00    562.00     81.94   -158.79   -10
64757         0.00    180.00    562.00     82.14     -4.53    -9
48275         0.00    180.00    562.00     82.55   -119.43    -9
64476         0.00    180.00    562.00     82.91     13.03    -9
64760         0.00    180.00    562.00     82.91     13.03    -9
48276         0.00    180.00    562.00     83.91    -95.56    -9
48770         0.00    180.00    562.00     84.05    -93.89    -9
48277         0.00    180.00    562.00     84.20   -155.43   -10
48280         0.00    180.00    562.00     84.57   -136.99   -10
48274         0.00    180.00    562.00     84.62   -118.82    -9
48600         0.00    180.00    562.00     84.80    -28.30    -9
48510         0.00    180.00    562.00     84.92    176.12   -11
48508         0.00    180.00    562.00     85.14    -98.98    -9
26568         0.00    180.00    562.00     85.24     70.56   -11
26567         0.00    180.00    562.00     86.52     61.50   -10
26571         0.00    180.00    562.00     87.03     52.00   -10
26566         0.00    180.00    562.00     87.40     57.59   -10
25622         0.00    180.00    562.00     87.60     41.13   -10
26565         0.00    180.00    562.00     87.69     60.36   -10
25623         0.00    180.00    562.00     89.32    -56.73   -10
43010         0.00    194.00    561.00     10.00   -125.00    -8
42088         0.00    180.00    561.00     11.30    -60.50    -6
52200         0.00    194.00    561.00     13.40    144.80   -11
52202         0.00    194.00    561.00     13.70    144.80   -11
41041         0.00    180.00    561.00     14.30    -46.10    -6
41040         0.00    180.00    561.00     14.50    -53.00    -6
41060         0.00    194.00    561.00     14.80    -51.00    -6
42058         0.00    180.00    561.00     14.90    -74.90    -7
42059         0.00    180.00    561.00     15.30    -67.50    -6
42085         0.00    180.00    561.00     17.90    -66.50    -6
41056         0.00    180.00    561.00     18.30    -65.50    -6
41052         0.00    180.00    561.00     18.30    -64.80    -6
42090         0.00    180.00    561.00     18.40    -69.60    -6
41115         0.00    194.00    561.00     18.40    -67.30    -6
51003         0.00    180.00    561.00     19.30   -160.60   -11
42089         0.00    180.00    561.00     19.70    -80.10    -8
51206         0.00    194.00    561.00     19.80   -155.00   -11
42056         0.00    180.00    561.00     19.90    -84.90    -8
51203         0.00    194.00    561.00     20.80   -157.00   -11
51205         0.00    194.00    561.00     21.00   -156.40   -11
41043         0.00    180.00    561.00     21.10    -64.90    -6
51204         0.00    194.00    561.00     21.30   -158.10   -11
51202         0.00    194.00    561.00     21.40   -157.70   -11
51207         0.00    194.00    561.00     21.50   -157.80   -11
51210         0.00    194.00    561.00     21.50   -157.80   -11
41044         0.00    180.00    561.00     21.60    -58.60    -6
51201         0.00    194.00    561.00     21.70   -158.10   -11
42055         0.00    180.00    561.00     22.10    -94.00    -8
51208         0.00    194.00    561.00     22.30   -159.60   -11
51000         0.00    180.00    561.00     23.50   -153.80   -10
41046         0.00    180.00    561.00     23.90    -68.50    -6
51101         0.00    180.00    561.00     24.30   -162.20   -11
42097         0.00    194.00    561.00     25.70    -83.60    -7
42003         0.00    180.00    561.00     26.00    -85.60    -8
42002         0.00    180.00    561.00     26.10    -93.80    -8
42395         0.00    180.00    561.00     26.40    -90.80    -8
42360         0.00    180.00    561.00     26.70    -90.50    -8
42369         0.00    194.00    561.00     27.20    -90.30    -8
42392         0.00    194.00    561.00     27.20    -90.00    -8
42099         0.00    194.00    561.00     27.30    -84.30    -7
41047         0.00    180.00    561.00     27.50    -71.50    -6
41049         0.00    180.00    561.00     27.50    -62.90    -6
42361         0.00    180.00    561.00     27.60    -92.50    -8
42098         0.00    194.00    561.00     27.60    -82.90    -7
42362         0.00    180.00    561.00     27.80    -90.60    -8
42047         0.00    180.00    561.00     27.90    -93.60    -8
42394         0.00    194.00    561.00     28.20    -89.20    -8
42365         0.00    194.00    561.00     28.20    -89.10    -8
42887         0.00    194.00    561.00     28.20    -88.50    -8
41113         0.00    194.00    561.00     28.40    -80.50    -7
42375         0.00    194.00    561.00     28.50    -88.30    -8
42043         0.00    180.00    561.00     29.00    -94.90    -8
42364         0.00    180.00    561.00     29.10    -88.10    -8
42067         0.00    180.00    561.00     30.00    -88.60    -8
42012         0.00    180.00    561.00     30.10    -87.60    -7
41112         0.00    194.00    561.00     30.70    -81.30    -7
41002         0.00    180.00    561.00     31.80    -74.80    -6
41048         0.00    180.00    561.00     31.90    -69.60    -6
46232         0.00    194.00    561.00     32.50   -117.40    -8
46258         0.00    194.00    561.00     32.80   -117.50    -8
41029         0.00    180.00    561.00     32.80    -79.60    -6
46225         0.00    194.00    561.00     32.90   -117.40    -8
46254         0.00    194.00    561.00     32.90   -117.30    -8
46219         0.00    194.00    561.00     33.20   -119.90    -8
46224         0.00    194.00    561.00     33.20   -117.50    -8
46242         0.00    194.00    561.00     33.20   -117.40    -8
46255         0.00    194.00    561.00     33.40   -119.70    -8
46222         0.00    194.00    561.00     33.60   -118.30    -8
46253         0.00    194.00    561.00     33.60   -118.20    -8
46256         0.00    194.00    561.00     33.70   -118.20    -8
41108         0.00    194.00    561.00     33.70    -78.00    -7
46251         0.00    194.00    561.00     33.80   -119.50    -8
41024         0.00    180.00    561.00     33.80    -78.50    -6
46221         0.00    194.00    561.00     33.90   -118.60    -8
41037         0.00    180.00    561.00     34.00    -77.40    -7
41110         0.00    194.00    561.00     34.10    -77.70    -7
41038         0.00    180.00    561.00     34.10    -77.70    -7
46217         0.00    194.00    561.00     34.20   -119.40    -8
41064         0.00    180.00    561.00     34.20    -77.00    -6
41159         0.00    194.00    561.00     34.20    -76.90    -6
46216         0.00    194.00    561.00     34.30   -119.80    -8
46257         0.00    194.00    561.00     34.40   -120.80    -8
46218         0.00    194.00    561.00     34.50   -120.80    -8
46259         0.00    194.00    561.00     34.70   -121.70    -8
46011         0.00    180.00    561.00     35.00   -121.00    -8
46215         0.00    194.00    561.00     35.20   -120.90    -8
44095         0.00    194.00    561.00     35.80    -75.30    -6
44056         0.00    194.00    561.00     36.20    -75.70    -6
46239         0.00    194.00    561.00     36.30   -122.10    -8
46240         0.00    194.00    561.00     36.60   -121.90    -8
46114         0.00    194.00    561.00     36.70   -122.40    -8
44099         0.00    194.00    561.00     36.90    -75.70    -6
44093         0.00    194.00    561.00     36.90    -75.50    -6
44096         0.00    194.00    561.00     37.00    -75.80    -6
44041         0.00    194.00    561.00     37.20    -76.80    -6
44072         0.00    194.00    561.00     37.20    -76.30    -6
44058         0.00    180.00    561.00     37.60    -76.30    -6
46237         0.00    194.00    561.00     37.80   -122.60    -8
44089         0.00    194.00    561.00     37.80    -75.30    -6
46214         0.00    194.00    561.00     37.90   -123.50    -8
44042         0.00    180.00    561.00     38.00    -76.30    -6
46059         0.00    180.00    561.00     38.10   -129.90    -8
44061         0.00    180.00    561.00     38.80    -77.00    -6
44063         0.00    180.00    561.00     39.00    -76.40    -6
44043         0.00    180.00    561.00     39.20    -76.40    -6
46014         0.00    180.00    561.00     39.40   -124.00    -8
44057         0.00    180.00    561.00     39.50    -76.10    -6
44066         0.00    180.00    561.00     39.60    -72.60    -6
44091         0.00    194.00    561.00     39.80    -73.80    -6
46213         0.00    194.00    561.00     40.30   -124.70    -8
44065         0.00    180.00    561.00     40.40    -73.70    -6
44069         0.00    194.00    561.00     40.70    -73.10    -6
46244         0.00    194.00    561.00     40.90   -124.40    -8
44097         0.00    194.00    561.00     41.00    -71.10    -6
44020         0.00    180.00    561.00     41.40    -70.20    -6
44018         0.00    180.00    561.00     41.50    -69.60    -6
44090         0.00    194.00    561.00     41.80    -70.30    -6
44137         0.00    180.00    561.00     42.30    -62.00    -6
45147       174.00    180.00    561.00     42.40    -82.70    -7
45132       174.00    180.00    561.00     42.50    -81.20    -6
46002         0.00    180.00    561.00     42.60   -130.50    -9
45142       174.00    180.00    561.00     42.70    -79.30    -6
44098         0.00    194.00    561.00     42.80    -70.20    -6
44141         0.00    180.00    561.00     43.00    -58.00    -6
45139        75.00    180.00    561.00     43.30    -79.50    -6
45149       176.00    180.00    561.00     43.50    -82.10    -6
45159        75.00    180.00    561.00     43.80    -79.00    -6
44139         0.00    180.00    561.00     44.20    -57.10    -6
45151       219.00    180.00    561.00     44.50    -79.40    -6
44258         0.00    180.00    561.00     44.50    -63.40    -6
45143       177.00    180.00    561.00     44.90    -80.60    -6
62001         0.00    180.00    561.00     45.20     -5.00    -6
45137       177.00    180.00    561.00     45.50    -81.00    -6
46005         0.00    180.00    561.00     46.00   -131.00    -9
46248         0.00    194.00    561.00     46.10   -124.60    -8
45154       176.00    180.00    561.00     46.10    -82.60    -6
46127         0.00    180.00    561.00     46.20   -124.10    -8
46243         0.00    194.00    561.00     46.20   -124.10    -8
44251         0.00    180.00    561.00     46.40    -53.40    -6
46211         0.00    194.00    561.00     46.90   -124.20    -8
46121         0.00    180.00    561.00     47.30   -122.70    -8
44255         0.00    180.00    561.00     47.30    -57.30    -6
62163         0.00    180.00    561.00     47.50     -8.40    -6
46120         0.00    180.00    561.00     47.80   -122.40    -8
46125         0.00    180.00    561.00     47.90   -122.60    -8
46036         0.00    180.00    561.00     48.40   -133.90    -9
45136       183.00    180.00    561.00     48.50    -87.00    -7
46134         0.00    180.00    561.00     48.60   -123.50    -8
46118         0.00    194.00    561.00     48.70   -122.60    -8
62029         0.00    180.00    561.00     48.80    -12.50    -6
46146         0.00    180.00    561.00     49.30   -123.70    -8
45138         0.00    180.00    561.00     49.50    -65.70    -6
46132         0.00    180.00    561.00     49.70   -127.90    -9
45148       323.00    180.00    561.00     49.70    -94.50    -6
46131         0.00    180.00    561.00     49.90   -125.00    -8
62103         0.00    180.00    561.00     49.90     -2.90    -6
46246         0.00    194.00    561.00     50.00   -145.20   -10
62050         0.00    180.00    561.00     50.00     -4.40    -6
62107         0.00    180.00    561.00     50.10     -6.10    -6
62305         0.00    180.00    561.00     50.40      0.00    -6
45140       217.00    180.00    561.00     50.80    -96.70    -6
46004         0.00    180.00    561.00     50.90   -136.10    -9
46207         0.00    180.00    561.00     50.90   -129.90    -9
46071         0.00    180.00    561.00     51.10    179.00   -10
62304         0.00    180.00    561.00     51.20      1.80    -6
46204         0.00    180.00    561.00     51.40   -128.80    -8
62170         0.00    180.00    561.00     51.40      2.00    -6
46072         0.00    180.00    561.00     51.70   -172.10   -10
46147         0.00    180.00    561.00     51.80   -131.20    -9
46185         0.00    180.00    561.00     52.40   -129.80    -8
46208         0.00    180.00    561.00     52.50   -132.70    -9
46066         0.00    180.00    561.00     52.80   -155.00    -9
62095         0.00    194.00    561.00     53.00    -15.80    -6
63058         0.00    180.00    561.00     53.00      2.10    -6
62166         0.00    194.00    561.00     53.00      2.50    -6
62145         0.00    180.00    561.00     53.10      2.80    -6
62296         0.00    180.00    561.00     53.20      2.40    -6
62139         0.00    180.00    561.00     53.30      2.00    -6
62144         0.00    180.00    561.00     53.40      1.70    -6
62167         0.00    180.00    561.00     53.40      2.30    -6
62121         0.00    180.00    561.00     53.50      2.70    -6
46183         0.00    180.00    561.00     53.60   -131.10    -8
62124         0.00    180.00    561.00     53.60     -3.60    -6
03380         0.00    180.00    561.00     53.60      0.10    -6
62150         0.00    180.00    561.00     53.60      0.70    -6
62148         0.00    180.00    561.00     53.60      1.50    -6
62149         0.00    180.00    561.00     53.70      1.10    -6
46181         0.00    180.00    561.00     53.80   -128.80    -8
62138         0.00    180.00    561.00     53.80      0.40    -6
46184         0.00    180.00    561.00     53.90   -138.90    -9
62131         0.00    180.00    561.00     53.90      1.20    -6
46075         0.00    180.00    561.00     54.00   -160.80    -9
62127         0.00    180.00    561.00     54.00      0.70    -6
62165         0.00    180.00    561.00     54.00      1.10    -6
46205         0.00    180.00    561.00     54.20   -134.30    -9
62135         0.00    180.00    561.00     54.20      1.60    -6
63120         0.00    180.00    561.00     54.20      2.20    -6
46145         0.00    180.00    561.00     54.40   -132.40    -9
62158         0.00    194.00    561.00     54.40      2.40    -6
62136         0.00    180.00    561.00     54.40      2.60    -6
66024         0.00    180.00    561.00     54.70     12.70    -7
66021         0.00    180.00    561.00     54.90     13.90    -7
46073         0.00    180.00    561.00     55.00   -172.00   -10
62086         0.00    180.00    561.00     55.00      6.40    -7
46070         0.00    180.00    561.00     55.10    175.20    -9
62105         0.00    180.00    561.00     55.20    -12.80    -6
46078         0.00    180.00    561.00     55.50   -152.60    -9
46085         0.00    180.00    561.00     55.90   -142.50    -9
63119         0.00    180.00    561.00     55.90      2.30    -6
62159         0.00    194.00    561.00     56.10     -2.90    -6
64049         0.00    194.00    561.00     56.10     -2.90    -6
46001         0.00    180.00    561.00     56.30   -147.90    -9
62123         0.00    194.00    561.00     56.30      2.20    -6
62132         0.00    180.00    561.00     56.40      2.00    -6
62120         0.00    180.00    561.00     56.40      2.10    -6
62154         0.00    180.00    561.00     56.40      2.20    -6
46084         0.00    180.00    561.00     56.60   -136.10    -9
62160         0.00    180.00    561.00     56.60      2.30    -6
62151         0.00    180.00    561.00     56.80      2.20    -6
46035         0.00    180.00    561.00     57.00   -177.70    -9
62137         0.00    180.00    561.00     57.00      1.80    -6
62152         0.00    180.00    561.00     57.00      1.80    -6
62119         0.00    180.00    561.00     57.00      1.90    -6
62133         0.00    180.00    561.00     57.10      0.90    -6
62164         0.00    180.00    561.00     57.20      0.80    -6
62146         0.00    180.00    561.00     57.20      2.10    -6
62140         0.00    180.00    561.00     57.30      1.30    -6
62122         0.00    180.00    561.00     57.30      1.60    -6
62153         0.00    180.00    561.00     57.30      2.00    -6
62162         0.00    180.00    561.00     57.40      0.50    -6
62104         0.00    180.00    561.00     57.40      1.30    -6
63116         0.00    194.00    561.00     57.60     -4.10    -6
62147         0.00    194.00    561.00     57.60     -4.00    -6
62156         0.00    194.00    561.00     57.60     -4.00    -6
62116         0.00    180.00    561.00     57.60      1.10    -6
62155         0.00    180.00    561.00     57.70      0.70    -6
62118         0.00    180.00    561.00     57.70      0.90    -6
62143         0.00    180.00    561.00     57.70      1.80    -6
63059         0.00    180.00    561.00     57.80     -0.90    -6
46080         0.00    180.00    561.00     57.90   -150.00    -9
62117         0.00    180.00    561.00     57.90      0.00    -6
62102         0.00    180.00    561.00     57.90      1.80    -7
62111         0.00    180.00    561.00     58.00     -0.30    -6
62168         0.00    180.00    561.00     58.00      1.10    -6
62134         0.00    180.00    561.00     58.00      1.40    -6
62115         0.00    180.00    561.00     58.10     -3.00    -6
62157         0.00    180.00    561.00     58.20      0.20    -6
46083         0.00    180.00    561.00     58.30   -138.00    -9
62114         0.00    180.00    561.00     58.30      0.00    -6
62112         0.00    180.00    561.00     58.40     -0.20    -6
62113         0.00    180.00    561.00     58.40      0.20    -6
62129         0.00    180.00    561.00     58.40      0.30    -6
62161         0.00    194.00    561.00     58.40      1.20    -7
62130         0.00    180.00    561.00     58.70      1.30    -7
62128         0.00    180.00    561.00     58.70      1.40    -7
62297         0.00    180.00    561.00     58.80      1.50    -7
64045         0.00    180.00    561.00     59.10    -11.70    -6
63057         0.00    180.00    561.00     59.20      1.50    -7
46076         0.00    180.00    561.00     59.50   -148.00    -9
63110         0.00    180.00    561.00     59.50      1.50    -7
46108         0.00    194.00    561.00     59.60   -151.80    -9
63109         0.00    180.00    561.00     59.60      1.50    -7
63056         0.00    180.00    561.00     59.70      1.60    -7
46061         0.00    194.00    561.00     60.20   -146.80    -9
64046         0.00    180.00    561.00     60.50     -4.20    -6
46060         0.00    180.00    561.00     60.60   -146.80    -9
64041         0.00    180.00    561.00     60.60     -2.50    -6
63055         0.00    180.00    561.00     60.60      1.60    -7
62302         0.00    180.00    561.00     60.70     -2.40    -6
46081         0.00    180.00    561.00     60.80   -148.30    -9
63102         0.00    180.00    561.00     60.80      1.40    -7
63108         0.00    180.00    561.00     60.80      1.70    -7
63105         0.00    180.00    561.00     61.00      1.70    -7
63106         0.00    194.00    561.00     61.00      1.70    -7
63113         0.00    194.00    561.00     61.00      1.70    -7
62141         0.00    180.00    561.00     61.10      0.70    -7
63112         0.00    180.00    561.00     61.10      1.00    -7
63107         0.00    194.00    561.00     61.10      1.70    -7
45141       156.00    180.00    561.00     61.20   -115.30    -7
63101         0.00    180.00    561.00     61.20      0.90    -7
63103         0.00    180.00    561.00     61.20      1.10    -7
63104         0.00    180.00    561.00     61.20      1.60    -7
63117         0.00    180.00    561.00     61.30      1.10    -7
63111         0.00    180.00    561.00     61.30      1.50    -7
63114         0.00    194.00    561.00     61.30      1.70    -7
63118         0.00    180.00    561.00     61.50      1.30    -7
63115         0.00    180.00    561.00     61.60      1.30    -7
45150       156.00    180.00    561.00     62.00   -114.10    -7
ILOH1         0.00    180.00    531.00     19.73   -155.06   -11
MOKH1         0.00    180.00    531.00     21.43   -157.79   -11
NWWH1         0.00    180.00    531.00     21.95   -159.36   -11
RSJT2         0.00    180.00    531.00     26.80    -97.47    -8
BABT2         0.00    180.00    531.00     27.30    -97.42    -8
MTBF1         0.00    180.00    531.00     27.66    -82.59    -7
RTAT2         0.00    180.00    531.00     27.84    -97.07    -8
FHPF1         0.00    180.00    531.00     28.15    -82.80    -7
SDRT2         0.00    180.00    531.00     28.41    -96.71    -8
PCNT2         0.00    194.00    531.00     28.45    -96.40    -8
SPLL1         0.00    194.00    531.00     28.87    -90.48    -8
FCGT2         7.00    180.00    531.00     28.93    -95.30    -8
MRSL1         0.00    194.00    531.00     29.44    -92.06    -8
RLOT2         0.00    180.00    531.00     29.52    -94.51    -8
NWCL1        12.00    194.00    531.00     30.03    -90.11    -8
SHPF1         0.00    180.00    531.00     30.06    -84.29    -7
PACF1         5.00    180.00    531.00     30.15    -85.67    -7
ULAM6         0.00    194.00    531.00     30.35    -88.51    -8
PNLM6         0.00    194.00    531.00     30.36    -88.57    -8
MCGA1        17.00    194.00    531.00     30.65    -88.06    -7
OBLA1         0.00    180.00    531.00     30.71    -88.04    -7
LJPC1         0.00    194.00    531.00     32.87   -117.26    -8
LMFS1       108.00    194.00    531.00     34.11    -81.27    -6
WATS1        89.00    194.00    531.00     34.34    -80.70    -6
CPXC1         0.00    180.00    531.00     35.17   -120.74    -8
MLSC1        12.00    194.00    531.00     36.81   -121.79    -8
OMHC1         0.00    194.00    531.00     37.80   -122.33    -8
TIBC1         0.00    180.00    531.00     37.89   -122.45    -8
OCIM2         0.00    180.00    531.00     38.33    -75.09    -6
BHRI3       182.00    183.00    531.00     41.39    -87.09    -6
HHLO1       177.00    183.00    531.00     41.40    -82.55    -7
GELO1       177.00    194.00    531.00     41.86    -80.97    -6
CBLO1       177.00    183.00    531.00     41.98    -80.56    -6
SJOM4       182.00    183.00    531.00     42.09    -86.49    -6
CLSM4       175.00    183.00    531.00     42.47    -82.88    -7
RPRN6        75.00    183.00    531.00     43.25    -77.59    -6
YGNN6        73.00    183.00    531.00     43.26    -79.06    -6
PSCM4       190.00    183.00    531.00     43.42    -82.54    -6
LPNM4       179.00    183.00    531.00     45.06    -83.43    -6
SYWW3       179.00    194.00    531.00     45.20    -87.12    -6
NPDW3       178.00    183.00    531.00     45.29    -86.98    -6
FPTM4       184.00    183.00    531.00     45.37    -86.39    -6
MACM4       179.00    183.00    531.00     45.78    -84.72    -7
NABM4       178.00    183.00    531.00     46.05    -85.26    -7
WPTW1        31.00    194.00    531.00     46.93   -124.13    -8
BIGM4       186.00    183.00    531.00     46.94    -87.43    -7
GTRM4       190.00    183.00    531.00     47.18    -88.24    -6
TCMW1        11.00    194.00    531.00     47.27   -122.42    -8
KGCA2         5.00    180.00    531.00     55.07   -162.33    -9
CDEA2        15.00    194.00    531.00     56.01   -134.13    -9
LCNA2        10.00    194.00    531.00     56.06   -132.70    -9
FFIA2         7.00    180.00    531.00     57.27   -133.63    -9
SISA2        50.00    194.00    531.00     58.17   -135.26    -9
ELFA2         0.00    180.00    531.00     58.19   -136.34    -9
PBPA2         3.00    180.00    531.00     58.20   -134.15    -9
PRTA2        30.00    194.00    531.00     58.41   -134.95    -9
AMAA2        33.00    194.00    531.00     58.92   -151.95    -9
EROA2        17.00    194.00    531.00     58.97   -135.22    -9
FILA2        18.00    194.00    531.00     59.33   -151.99    -9
AUGA2         9.00    194.00    531.00     59.38   -153.35    -9
OVIA2         0.00    194.00    531.00     59.44   -151.72    -9
PILA2        32.00    194.00    531.00     59.74   -149.47    -9
DRFA2        16.00    194.00    531.00     60.55   -152.14    -9
BLIA2         0.00    180.00    531.00     60.84   -146.88    -9
POTA2         7.00    180.00    531.00     61.06   -146.70    -9
MRKA2         5.00    180.00    531.00     61.08   -146.66    -9
PGBP7         0.00    180.00    532.00     13.43    144.80   -11
APRP7         0.00    180.00    532.00     13.44    144.65   -11
BARA9         0.00    180.00    532.00     17.59    -61.82    -6
CHSV3         0.00    180.00    532.00     17.75    -64.71    -6
YABP4         0.00    194.00    532.00     18.06    -65.83    -6
MISP4         0.00    180.00    532.00     18.09    -67.94    -6
ESPP4         0.00    180.00    532.00     18.09    -65.47    -6
VQSP4         0.00    194.00    532.00     18.15    -65.44    -6
MGZP4         0.00    180.00    532.00     18.22    -67.16    -6
CLBP4         0.00    180.00    532.00     18.30    -65.30    -6
LAMV3         0.00    180.00    532.00     18.32    -64.72    -6
AROP4         0.00    180.00    532.00     18.48    -66.70    -6
KWHH1         0.00    180.00    532.00     20.04   -155.83   -11
KLIH1         0.00    180.00    532.00     20.90   -156.48   -11
OOUH1         0.00    180.00    532.00     21.31   -157.87   -11
PCGT2         0.00    180.00    532.00     26.08    -97.18    -8
RLIT2         0.00    180.00    532.00     26.26    -97.29    -8
PMNT2         0.00    180.00    532.00     26.55    -97.42    -8
IRDT2         0.00    180.00    532.00     27.48    -97.32    -8
PACT2         0.00    180.00    532.00     27.63    -97.24    -8
PMAF1         0.00    180.00    532.00     27.64    -82.56    -7
TAQT2         0.00    180.00    532.00     27.81    -97.39    -8
NUET2         0.00    180.00    532.00     27.83    -97.49    -8
OPTF1         0.00    180.00    532.00     27.86    -82.55    -7
MCYF1         0.00    194.00    532.00     27.91    -82.43    -7
RCPT2         0.00    180.00    532.00     28.02    -97.05    -8
CPNT2         0.00    180.00    532.00     28.12    -97.02    -8
SNDP5         0.00    180.00    532.00     28.21   -177.36   -11
AWRT2         0.00    180.00    532.00     28.23    -96.79    -8
MBET2         0.00    180.00    532.00     28.43    -96.33    -8
VCAT2         0.00    180.00    532.00     28.64    -96.60    -8
EMAT2         0.00    194.00    532.00     28.71    -95.91    -8
SGNT2         0.00    180.00    532.00     28.77    -95.62    -8
CKYF1         0.00    180.00    532.00     29.14    -83.03    -7
PILL1         0.00    180.00    532.00     29.18    -89.26    -8
GRRT2         0.00    180.00    532.00     29.30    -94.90    -8
GTOT2         0.00    180.00    532.00     29.31    -94.79    -8
GNJT2         0.00    180.00    532.00     29.36    -94.72    -8
AMRL1         0.00    180.00    532.00     29.45    -91.34    -8
EPTT2         0.00    180.00    532.00     29.48    -94.92    -8
FRWL1         0.00    180.00    532.00     29.55    -92.31    -8
HIST2         0.00    180.00    532.00     29.59    -94.39    -8
TESL1         0.00    180.00    532.00     29.67    -91.24    -8
TXPT2         0.00    180.00    532.00     29.69    -93.84    -8
NCHT2         0.00    180.00    532.00     29.73    -95.27    -8
APCF1         0.00    180.00    532.00     29.73    -84.98    -7
LYBT2         0.00    180.00    532.00     29.76    -95.08    -8
RCYF1         0.00    194.00    532.00     29.80    -81.55    -7
PORT2         0.00    180.00    532.00     29.87    -93.93    -8
SHBL1         0.00    180.00    532.00     29.87    -89.67    -8
RBBT2         0.00    194.00    532.00     29.98    -93.88    -8
BCFL1         0.00    194.00    532.00     30.07    -90.39    -8
FREL1         0.00    180.00    532.00     30.11    -90.42    -8
BKTL1         0.00    194.00    532.00     30.19    -93.30    -8
BKBF1         0.00    180.00    532.00     30.19    -81.69    -7
PTBM6         0.00    180.00    532.00     30.21    -88.50    -8
LCLL1         0.00    180.00    532.00     30.22    -93.22    -8
FMOA1         0.00    180.00    532.00     30.23    -88.03    -7
DILA1         0.00    180.00    532.00     30.25    -88.07    -7
WYCM6         0.00    180.00    532.00     30.33    -89.33    -8
RARM6         0.00    180.00    532.00     30.34    -88.51    -8
DKCM6         0.00    180.00    532.00     30.35    -88.57    -8
WFRA1         0.00    194.00    532.00     30.38    -88.16    -7
LTJF1         0.00    194.00    532.00     30.38    -81.45    -7
DMSF1         0.00    194.00    532.00     30.39    -81.56    -7
BLIF1         0.00    180.00    532.00     30.39    -81.52    -7
PCLF1         0.00    180.00    532.00     30.40    -87.21    -7
NFDF1         0.00    180.00    532.00     30.40    -81.63    -7
MYPF1         0.00    180.00    532.00     30.40    -81.43    -7
GBRM6         0.00    194.00    532.00     30.41    -88.40    -8
BLBA1         0.00    194.00    532.00     30.41    -88.25    -7
WBYA1         0.00    194.00    532.00     30.42    -87.82    -7
EFRA1         0.00    194.00    532.00     30.44    -88.11    -7
MBPA1         0.00    194.00    532.00     30.53    -88.09    -7
PTOA1         0.00    194.00    532.00     30.67    -88.03    -7
CIKA1         0.00    194.00    532.00     30.78    -88.07    -7
BEPB6         0.00    194.00    532.00     32.37    -64.70    -6
IIWC1         0.00    194.00    532.00     32.71   -117.18    -8
SDBC1         0.00    180.00    532.00     32.71   -117.17    -8
CHTS1         0.00    180.00    532.00     32.78    -79.93    -6
LJAC1         0.00    180.00    532.00     32.87   -117.26    -8
OHBC1         0.00    180.00    532.00     33.72   -118.27    -8
ICAC1         0.00    180.00    532.00     34.01   -118.50    -8
WLON7         0.00    180.00    532.00     34.23    -77.95    -7
NTBC1         0.00    180.00    532.00     34.41   -119.68    -8
HRVC1         0.00    180.00    532.00     34.47   -120.67    -8
BFTN7         0.00    180.00    532.00     34.72    -76.67    -6
PSLC1         0.00    180.00    532.00     35.18   -120.76    -8
HCGN7         0.00    180.00    532.00     35.21    -75.70    -6
ORIN7         0.00    180.00    532.00     35.79    -75.55    -6
DUKN7         0.00    180.00    532.00     36.18    -75.75    -6
MEYC1         0.00    180.00    532.00     36.60   -121.89    -8
SWPV2         0.00    180.00    532.00     36.95    -76.33    -6
WDSV2         0.00    180.00    532.00     36.98    -76.32    -6
KPTV2         0.00    194.00    532.00     37.17    -75.99    -6
RYAC1         0.00    194.00    532.00     37.47   -122.02    -8
RPLV2         0.00    180.00    532.00     37.54    -76.01    -6
WAHV2         0.00    180.00    532.00     37.61    -75.69    -6
WNDV2         0.00    194.00    532.00     37.62    -76.29    -6
PXSC1         0.00    194.00    532.00     37.80   -122.40    -8
OBXC1         0.00    194.00    532.00     37.80   -122.34    -8
BLZC1         0.00    194.00    532.00     37.91   -122.68    -8
PRYC1         0.00    180.00    532.00     38.00   -122.98    -8
MZXC1         0.00    180.00    532.00     38.03   -122.13    -8
NCDV2         0.00    180.00    532.00     38.32    -77.04    -6
WASD2         4.00    180.00    532.00     38.87    -77.02    -6
APAM2         0.00    180.00    532.00     38.98    -76.48    -6
CPVM2         0.00    194.00    532.00     38.99    -76.39    -6
BLTM2         0.00    180.00    532.00     39.27    -76.58    -6
SJSN4         0.00    180.00    532.00     39.31    -75.38    -6
CHCM2         0.00    180.00    532.00     39.53    -75.81    -6
RDYD1         0.00    180.00    532.00     39.56    -75.57    -6
BDSP1         0.00    180.00    532.00     39.98    -75.07    -6
BDRN4         0.00    180.00    532.00     40.08    -74.87    -6
SDHN4         0.00    180.00    532.00     40.47    -74.01    -6
MHRN6         0.00    194.00    532.00     40.64    -74.16    -6
BGNN4         0.00    180.00    532.00     40.64    -74.14    -6
BATN6         0.00    180.00    532.00     40.70    -74.01    -6
HBYC1         0.00    180.00    532.00     40.77   -124.22    -8
MTKN6         0.00    180.00    532.00     41.05    -71.96    -6
BRHC3         0.00    180.00    532.00     41.17    -73.18    -6
NTKM3         0.00    180.00    532.00     41.28    -70.10    -6
NLNC3         0.00    180.00    532.00     41.36    -72.09    -6
BZBM3         0.00    180.00    532.00     41.52    -70.67    -6
PRUR1         0.00    194.00    532.00     41.61    -71.30    -6
THRO1       174.00    183.00    532.00     41.69    -83.47    -6
CHTM3         0.00    194.00    532.00     41.69    -69.95    -6
FRXM3         0.00    194.00    532.00     41.70    -71.18    -6
FRVM3         0.00    180.00    532.00     41.70    -71.16    -6
BLTM3         0.00    180.00    532.00     41.71    -71.17    -6
CECC1         0.00    180.00    532.00     41.74   -124.18    -8
PVDR1         0.00    180.00    532.00     41.79    -71.38    -6
FPPM4       178.00    194.00    532.00     41.96    -83.26    -7
GRTM4       177.00    194.00    532.00     42.09    -83.19    -7
EREP1       175.00    194.00    532.00     42.15    -80.09    -6
WDTM4       177.00    194.00    532.00     42.20    -83.15    -7
FWNM4       177.00    194.00    532.00     42.30    -83.09    -7
BHBM3         0.00    180.00    532.00     42.35    -71.05    -6
WMPM4       178.00    194.00    532.00     42.36    -82.93    -7
SCSM4       178.00    194.00    532.00     42.47    -82.88    -7
AGCM4         0.00    194.00    532.00     42.62    -82.53    -7
PSTN6         0.00    194.00    532.00     42.69    -79.05    -6
HLNM4         0.00    194.00    532.00     42.77    -86.20    -6
SCRM4       178.00    194.00    532.00     42.81    -82.49    -7
PHXM4       176.00    194.00    532.00     42.95    -82.44    -7
MBRM4         0.00    194.00    532.00     42.97    -82.42    -6
MLQW3       180.00    194.00    532.00     43.00    -87.89    -6
DUPM4       180.00    194.00    532.00     43.00    -82.42    -6
FTPN3         0.00    194.00    532.00     43.07    -70.71    -6
NIAN6         0.00    194.00    532.00     43.08    -79.01    -6
NGAN6       111.00    194.00    532.00     43.10    -79.06    -6
LKPM4       180.00    194.00    532.00     43.14    -82.49    -6
RCRN6         0.00    194.00    532.00     43.27    -77.63    -6
OCTN6        78.00    194.00    532.00     43.34    -78.73    -6
CHAO3         0.00    180.00    532.00     43.35   -124.32    -8
ESVM4       179.00    194.00    532.00     43.64    -83.85    -7
CASM1         0.00    180.00    532.00     43.66    -70.25    -6
CAVN6         0.00    194.00    532.00     44.13    -76.33    -6
ALXN6         0.00    194.00    532.00     44.33    -75.93    -6
ATGM1         3.00    194.00    532.00     44.39    -68.21    -6
GBWW3       179.00    194.00    532.00     44.54    -88.01    -6
CFWM1         0.00    194.00    532.00     44.66    -67.21    -6
OBGN6         0.00    194.00    532.00     44.70    -75.49    -6
SBCW3       179.00    194.00    532.00     44.80    -87.31    -6
VAPW1        10.00    194.00    532.00     45.63   -122.70    -8
SHNO3         4.00    194.00    532.00     45.87   -122.80    -8
PNLM4       179.00    183.00    532.00     45.97    -85.87    -7
WAUO3         3.00    194.00    532.00     46.16   -123.40    -8
RCKM4       180.00    183.00    532.00     46.26    -84.19    -6
SKAW1         0.00    194.00    532.00     46.27   -123.45    -8
WNEM4         0.00    194.00    532.00     46.28    -84.21    -6
CPTW1         0.00    194.00    532.00     46.30   -124.00    -8
LTRM4       176.00    183.00    532.00     46.49    -84.30    -6
USSM4       180.00    194.00    532.00     46.50    -84.34    -6
OGOM4       186.00    194.00    532.00     46.87    -89.32    -6
TCNW1         0.00    180.00    532.00     47.27   -122.41    -8
EBSW1         0.00    180.00    532.00     47.60   -122.34    -8
PTWW1         0.00    180.00    532.00     48.11   -122.76    -8
PTAW1         0.00    180.00    532.00     48.13   -123.44    -8
NEAW1         0.00    180.00    532.00     48.37   -124.61    -8
FRDW1         0.00    180.00    532.00     48.55   -123.01    -8
CHYW1         0.00    180.00    532.00     48.86   -122.76    -8
CPMW1         0.00    194.00    532.00     48.86   -122.76    -8
ADKA2         0.00    180.00    532.00     51.86   -176.63   -10
ATKA2         0.00    180.00    532.00     52.23   -174.17   -10
OLSA2         0.00    180.00    532.00     52.94   -168.87    -9
UNLA2         0.00    180.00    532.00     53.88   -166.54    -9
KECA2         0.00    180.00    532.00     55.33   -131.63    -9
SNDA2         0.00    180.00    532.00     55.34   -160.50    -9
PMOA2         0.00    180.00    532.00     55.99   -160.56    -9
PLXA2         0.00    180.00    532.00     56.25   -134.65    -9
ALIA2         0.00    180.00    532.00     56.90   -154.25    -9
ITKA2         0.00    180.00    532.00     57.05   -135.34    -9
VCVA2         0.00    180.00    532.00     57.13   -170.29    -9
KDAA2         0.00    180.00    532.00     57.73   -152.51    -9
JNEA2         0.00    180.00    532.00     58.30   -134.41    -9
SKTA2         0.00    180.00    532.00     59.45   -135.33    -9
YATA2         0.00    180.00    532.00     59.55   -139.73    -9
SWLA2         0.00    194.00    532.00     60.12   -149.43    -9
CRVA2         0.00    180.00    532.00     60.56   -145.75    -9
NKTA2         0.00    180.00    532.00     60.68   -151.40    -9
VDZA2         0.00    180.00    532.00     61.13   -146.36    -9
ANTA2         0.00    194.00    532.00     61.24   -149.89    -9
ULRA2         0.00    180.00    532.00     63.88   -160.79    -9
NMTA2         0.00    180.00    532.00     64.50   -165.43    -9
RDDA2         0.00    180.00    532.00     67.58   -164.07    -9
PRDA2         0.00    180.00    532.00     70.40   -148.53    -9
32914         0.00    194.00    562.00      8.16   -109.67    -8
32916         0.00    194.00    562.00      8.62   -109.11    -8
43546         0.00    180.00    562.00     14.14   -102.49    -8
13600         0.00    194.00    562.00     18.59    -40.80    -6
41508         0.00    194.00    562.00     23.43    -48.09    -6
44893         0.00    194.00    562.00     24.39    -55.51    -6
13565         0.00    194.00    562.00     24.75    -62.83    -6
13628         0.00    194.00    562.00     25.92    -64.17    -6
13529         0.00    194.00    562.00     26.96    -33.95    -6
13528         0.00    194.00    562.00     27.43    -34.03    -6
13516         0.00    194.00    562.00     27.60    -43.56    -6
13571         0.00    194.00    562.00     27.67    -30.67    -6
41954         0.00    194.00    562.00     29.17    -33.91    -6
41558         0.00    194.00    562.00     29.40    -48.02    -6
41575         0.00    194.00    562.00     29.60    -77.03    -6
13639         0.00    194.00    562.00     29.93    -65.72    -6
13527         0.00    194.00    562.00     29.97    -47.97    -6
41991         0.00    194.00    562.00     31.74    -55.78    -6
13625         0.00    194.00    562.00     31.90    -72.63    -6
44882         0.00    194.00    562.00     31.95    -40.63    -6
13624         0.00    194.00    562.00     32.07    -52.70    -6
13526         0.00    194.00    562.00     32.08    -62.35    -6
41606         0.00    194.00    562.00     32.95    -46.39    -6
13588         0.00    194.00    562.00     33.38    -46.50    -6
13636         0.00    194.00    562.00     33.92    -48.83    -6
41622         0.00    194.00    562.00     34.02    -31.60    -6
43556         0.00    194.00    562.00     34.35    -35.49    -6
41974         0.00    194.00    562.00     34.43    -53.98    -6
13637         0.00    194.00    562.00     34.56    -56.36    -6
41510         0.00    194.00    562.00     34.85    -50.49    -6
41934         0.00    194.00    562.00     35.05    -64.36    -6
13601         0.00    194.00    562.00     35.10    -60.84    -6
43558         0.00    194.00    562.00     35.25    -52.09    -6
41940         0.00    194.00    562.00     35.28    -50.72    -6
13521         0.00    194.00    562.00     35.58    -50.53    -6
13602         0.00    194.00    562.00     35.64    -57.64    -6
13602         0.00    194.00    562.00     35.69    -57.51    -6
13909         0.00    194.00    562.00     37.75    -60.95    -6
13909         0.00    194.00    562.00     37.86    -60.99    -6
43555         0.00    194.00    562.00     37.91    -32.99    -6
42505         0.00    194.00    562.00     39.00    -40.44    -6
44516         0.00    180.00    562.00     40.80    -13.01    -6
62725         0.00    194.00    562.00     41.64    -17.21    -6
44905         0.00    194.00    562.00     41.87    -44.60    -6
41594         0.00    180.00    562.00     42.45    -28.06    -6
44510         0.00    180.00    562.00     43.82    -50.29    -6
25575         0.00    180.00    562.00     56.76    -52.04    -6
46725         0.00    180.00    562.00     59.21   -172.05    -9
48507         0.00    180.00    562.00     73.08   -104.78    -7
63561         0.00    180.00    562.00     75.47      8.99    -9
63563         0.00    194.00    562.00     75.56     14.71    -9
26571         0.00    180.00    562.00     87.04     51.89   -10
46123         0.00    194.00    561.00     47.40   -123.00    -8
CSPA2        25.00    194.00    531.00     58.21   -136.63    -9
PTLA2         3.00    194.00    531.00     58.35   -134.75    -9
32734         0.00    180.00    562.00     14.62   -143.91    -9
51782         0.00    194.00    562.00     18.59   -161.40   -11
43572         0.00    194.00    562.00     22.60    -89.40    -8
46769         0.00    180.00    562.00     26.36   -134.05    -8
13872         0.00    180.00    562.00     27.37    -51.88    -6
43573         0.00    194.00    562.00     28.65    -85.39    -7
52815         0.00    194.00    562.00     31.32   -179.96   -11
21741         0.00    194.00    562.00     33.02    171.49   -11
44558         0.00    180.00    562.00     35.11    -55.49    -6
46660         0.00    180.00    562.00     58.83   -151.56    -9
44515         0.00    180.00    562.00     60.65     -8.07    -6
48600         0.00    180.00    562.00     84.79    -28.19    -9
26567         0.00    180.00    562.00     86.53     61.34   -10
26571         0.00    180.00    562.00     87.04     51.78   -10
26566         0.00    180.00    562.00     87.40     57.42   -10
26565         0.00    180.00    562.00     87.70     60.23   -10
62095         0.00    180.00    561.00     53.30    -15.90    -6
AGMW3       179.00    194.00    531.00     44.61    -87.43    -6
BYSA1         0.00    194.00    532.00     30.57    -88.09    -7
51618         0.00    194.00    562.00      4.62    -85.90    -8
41974         0.00    194.00    562.00     34.29    -53.81    -6
41679         0.00    194.00    562.00     34.71    -60.63    -6
52607         0.00    194.00    562.00     34.94    166.67   -11
13521         0.00    194.00    562.00     35.64    -50.40    -6
21950         0.00    180.00    562.00     38.05    170.76    12
21946         0.00    180.00    562.00     39.80   -134.86    -9
64519         0.00    180.00    562.00     75.39      4.55    -8
25525         0.00    194.00    562.00     81.62    124.68    11
64973         0.00    180.00    562.00     81.74     20.61   -10
64757         0.00    180.00    562.00     82.10     -4.40    -9
48277         0.00    180.00    562.00     84.20   -155.31   -10
48508         0.00    180.00    562.00     85.14    -98.87    -9
26571         0.00    180.00    562.00     87.04     51.64   -10
26566         0.00    180.00    562.00     87.41     57.31   -10
25622         0.00    180.00    562.00     87.61     40.75   -10
32725         0.00    194.00    562.00     -3.28   -145.65    -9
13639         0.00    194.00    562.00     29.90    -65.59    -6
41510         0.00    194.00    562.00     34.86    -50.38    -6
44775         0.00    180.00    562.00     38.07    -50.49    -6
21895         0.00    180.00    562.00     39.24   -135.10    -9
46583         0.00    180.00    562.00     55.77   -139.71    -9
46660         0.00    180.00    562.00     58.82   -151.69    -9
26545         0.00    180.00    562.00     70.53    -13.56    -7
64547         0.00    180.00    562.00     70.92      4.50    -7
64553         0.00    180.00    562.00     73.77      5.53    -7
64476         0.00    180.00    562.00     82.88     13.18    -9
26567         0.00    180.00    562.00     86.55     61.13   -10
26571         0.00    180.00    562.00     87.05     51.49   -10
26566         0.00    180.00    562.00     87.41     57.18   -10
26565         0.00    180.00    562.00     87.71     60.04   -10
51811         0.00    194.00    562.00      8.91   -118.27    -8
13636         0.00    194.00    562.00     34.03    -48.75    -6
41970         0.00    180.00    562.00     34.32    -70.71    -6
13601         0.00    194.00    562.00     34.97    -60.81    -6
46613         0.00    180.00    562.00     36.15   -141.20    -9
46534         0.00    180.00    562.00     60.19    171.77    11
65599         0.00    180.00    562.00     61.65     -5.68    -6
48731         0.00    180.00    562.00     70.90   -100.41    -7
63565         0.00    194.00    562.00     71.35     15.03    -9
63562         0.00    194.00    562.00     74.83      8.16    -9
64973         0.00    180.00    562.00     81.74     20.74   -10
48278         0.00    180.00    562.00     81.94   -158.67   -10
48280         0.00    180.00    562.00     84.57   -136.86   -10
48600         0.00    180.00    562.00     84.78    -28.08    -9
26568         0.00    180.00    562.00     85.29     70.44   -11
26567         0.00    180.00    562.00     86.56     60.99   -10
26571         0.00    180.00    562.00     87.05     51.32   -10
26566         0.00    180.00    562.00     87.42     57.04   -10
26565         0.00    180.00    562.00     87.71     59.92   -10
51816         0.00    194.00    562.00      8.85   -119.55    -8
51812         0.00    194.00    562.00      9.02   -115.80    -8
21532         0.00    180.00    562.00     21.85   -139.85    -9
13526         0.00    194.00    562.00     32.00    -62.47    -6
43558         0.00    194.00    562.00     35.16    -51.98    -6
44775         0.00    180.00    562.00     38.10    -50.36    -6
44773         0.00    180.00    562.00     45.40     -5.47    -6
64547         0.00    180.00    562.00     70.95      4.62    -7
48623         0.00    180.00    562.00     72.27   -177.59    11
48792         0.00    180.00    562.00     73.84   -179.42    11
48793         0.00    180.00    562.00     74.09   -172.87   -12
48790         0.00    180.00    562.00     75.99    175.10    11
64760         0.00    180.00    562.00     82.83     12.56    -9
64476         0.00    180.00    562.00     82.83     12.56    -9
48277         0.00    180.00    562.00     84.19   -155.17   -10
48274         0.00    180.00    562.00     84.61   -118.69    -9
48510         0.00    180.00    562.00     84.94    176.33   -11
48508         0.00    180.00    562.00     85.13    -98.76    -9
26567         0.00    180.00    562.00     86.56     60.84   -10
26571         0.00    180.00    562.00     87.06     51.14   -10
26566         0.00    180.00    562.00     87.42     56.87   -10
25622         0.00    180.00    562.00     87.61     40.25   -10
26565         0.00    180.00    562.00     87.72     59.78   -10
45152       195.00    180.00    561.00     46.20    -79.70    -6
32914         0.00    194.00    562.00      8.15   -109.56    -8
51624         0.00    180.00    562.00      8.90   -119.82    -8
32667         0.00    194.00    562.00      9.92   -102.90    -8
51648         0.00    194.00    562.00     10.33   -123.74    -8
41599         0.00    180.00    562.00     27.84    -77.12    -6
44843         0.00    194.00    562.00     31.31    -24.00    -6
21580         0.00    180.00    562.00     31.89   -178.90   -11
52679         0.00    194.00    562.00     33.20    171.12   -11
13588         0.00    194.00    562.00     33.42    -46.39    -6
41679         0.00    194.00    562.00     34.60    -60.67    -6
21622         0.00    194.00    562.00     34.62    170.25   -11
52607         0.00    194.00    562.00     34.79    166.69   -11
44873         0.00    180.00    562.00     35.21    -44.71    -6
41940         0.00    194.00    562.00     35.27    -50.60    -6
13521         0.00    194.00    562.00     35.63    -50.28    -6
46901         0.00    180.00    562.00     36.39   -142.76    -9
52606         0.00    194.00    562.00     38.69    157.95    12
21855         0.00    180.00    562.00     39.53   -153.47   -10
21857         0.00    180.00    562.00     40.51   -151.20   -10
62713         0.00    180.00    562.00     43.32    -43.50    -6
46532         0.00    180.00    562.00     45.21   -144.68   -10
47569         0.00    180.00    562.00     46.48    -23.99    -6
47560         0.00    180.00    562.00     51.32    -22.58    -6
65602         0.00    180.00    562.00     51.90    -30.94    -6
64553         0.00    180.00    562.00     73.78      5.65    -7
64519         0.00    180.00    562.00     75.38      4.66    -8
64973         0.00    180.00    562.00     81.73     20.91   -10
64476         0.00    180.00    562.00     82.72     12.75    -9
26568         0.00    180.00    562.00     85.31     70.32   -11
26567         0.00    180.00    562.00     86.57     60.68   -10
26571         0.00    180.00    562.00     87.06     50.94   -10
26566         0.00    180.00    562.00     87.43     56.68   -10
26565         0.00    180.00    562.00     87.72     59.63   -10
51797         0.00    194.00    562.00      8.81   -121.84    -8
32644         0.00    194.00    562.00      9.74   -125.81    -8
46906         0.00    180.00    562.00     11.43   -125.90    -8
43546         0.00    180.00    562.00     14.01   -102.55    -8
32741         0.00    194.00    562.00     14.53   -150.36   -10
51800         0.00    194.00    562.00     15.29   -149.00   -10
51806         0.00    194.00    562.00     21.65   -169.60   -11
41975         0.00    180.00    562.00     26.66    -46.91    -6
41608         0.00    194.00    562.00     28.37    -31.55    -6
41575         0.00    194.00    562.00     29.64    -76.91    -6
46621         0.00    194.00    562.00     32.53   -154.80   -10
21741         0.00    194.00    562.00     33.05    171.38   -11
21904         0.00    180.00    562.00     34.51   -178.50   -11
41685         0.00    194.00    562.00     36.00    -68.35    -6
41936         0.00    180.00    562.00     36.94    -41.83    -6
52601         0.00    194.00    562.00     37.05    159.82    12
47584         0.00    194.00    562.00     47.63    -23.83    -6
44772         0.00    180.00    562.00     49.00    -26.38    -6
25575         0.00    180.00    562.00     56.70    -51.92    -6
62513         0.00    180.00    562.00     61.66    -38.84    -6
25525         0.00    194.00    562.00     81.63    124.84    11
48278         0.00    180.00    562.00     81.94   -158.56   -10
64476         0.00    180.00    562.00     82.61     13.03    -9
26567         0.00    180.00    562.00     86.58     60.52   -10
26571         0.00    180.00    562.00     87.07     50.75   -10
26566         0.00    180.00    562.00     87.44     56.49   -10
26565         0.00    180.00    562.00     87.73     59.48   -10
TKEA2         5.00    180.00    531.00     57.78   -135.22    -9
51801         0.00    194.00    562.00     15.19   -150.19   -10
44848         0.00    180.00    562.00     28.67    -26.47    -6
13639         0.00    194.00    562.00     29.75    -65.57    -6
21891         0.00    180.00    562.00     30.00    179.99   -11
21898         0.00    180.00    562.00     32.19   -141.92    -9
21534         0.00    180.00    562.00     33.69   -138.56    -9
44889         0.00    180.00    562.00     34.21    -44.54    -6
13601         0.00    194.00    562.00     34.83    -60.89    -6
44745         0.00    194.00    562.00     34.98    -31.67    -6
13909         0.00    194.00    562.00     37.62    -60.87    -6
21537         0.00    194.00    562.00     38.48   -148.89   -10
21544         0.00    180.00    562.00     39.13   -147.05   -10
21538         0.00    180.00    562.00     39.28   -154.71   -10
22628         0.00    180.00    562.00     42.49   -153.61   -10
21530         0.00    180.00    562.00     46.33   -152.02   -10
44901         0.00    180.00    562.00     46.62    -35.96    -6
21527         0.00    180.00    562.00     51.02   -156.42    -9
46538         0.00    194.00    562.00     52.82   -133.07    -9
48731         0.00    180.00    562.00     70.90   -100.29    -7
48623         0.00    180.00    562.00     72.29   -177.72    11
48273         0.00    180.00    562.00     81.18   -148.08   -10
48283         0.00    180.00    562.00     81.51   -136.88    -9
64973         0.00    180.00    562.00     81.73     21.08   -10
64757         0.00    180.00    562.00     82.01     -4.28    -9
64476         0.00    180.00    562.00     82.49     13.32    -9
64760         0.00    180.00    562.00     82.49     13.32    -9
48277         0.00    180.00    562.00     84.19   -155.03   -10
48280         0.00    180.00    562.00     84.56   -136.75   -10
48600         0.00    180.00    562.00     84.77    -27.96    -9
48510         0.00    180.00    562.00     84.95    176.50   -11
26568         0.00    180.00    562.00     85.33     70.20   -11
26567         0.00    180.00    562.00     86.59     60.37   -10
26571         0.00    180.00    562.00     87.07     50.55   -10
26566         0.00    180.00    562.00     87.44     56.29   -10
25622         0.00    180.00    562.00     87.62     39.64   -10
26565         0.00    180.00    562.00     87.73     59.31   -10
PTFL1         0.00    194.00    532.00     29.11    -90.20    -8
32803         0.00    194.00    562.00     12.13   -117.81    -8
32668         0.00    194.00    562.00     20.67   -150.10   -10
43576         0.00    194.00    562.00     24.72    -94.15    -8
44839         0.00    180.00    562.00     26.27    -34.16    -6
41506         0.00    180.00    562.00     31.64    -49.88    -6
41590         0.00    180.00    562.00     37.17    -39.49    -6
44775         0.00    180.00    562.00     38.09    -50.20    -6
21957         0.00    180.00    562.00     38.37   -173.11   -11
21925         0.00    180.00    562.00     43.83   -135.37    -9
44670         0.00    180.00    562.00     44.69    -53.08    -6
64562         0.00    180.00    562.00     58.41    -39.43    -6
46534         0.00    180.00    562.00     60.16    171.61    11
63565         0.00    194.00    562.00     71.40     14.90    -9
63566         0.00    194.00    562.00     71.88     17.18    -9
64519         0.00    180.00    562.00     75.37      4.78    -8
63563         0.00    194.00    562.00     75.53     14.83    -9
48279         0.00    180.00    562.00     79.84   -164.77   -11
64476         0.00    180.00    562.00     82.40     13.43    -9
26567         0.00    180.00    562.00     86.60     60.22   -10
26571         0.00    180.00    562.00     87.07     50.37   -10
26566         0.00    180.00    562.00     87.45     56.09   -10
26565         0.00    180.00    562.00     87.74     59.14   -10
51515         0.00    194.00    562.00      5.81    -87.63    -8
51648         0.00    194.00    562.00     10.36   -123.63    -8
32734         0.00    180.00    562.00     14.62   -144.02    -9
51716         0.00    194.00    562.00     17.28    143.01    12
41690         0.00    194.00    562.00     20.47    -72.96    -6
43508         0.00    180.00    562.00     23.23   -165.68   -11
46907         0.00    194.00    562.00     24.96   -145.38    -9
51779         0.00    194.00    562.00     26.63   -160.36   -11
51646         0.00    194.00    562.00     28.90   -155.06   -11
41991         0.00    194.00    562.00     31.62    -55.75    -6
13624         0.00    194.00    562.00     32.03    -52.59    -6
44768         0.00    180.00    562.00     33.05    -24.81    -6
13637         0.00    194.00    562.00     34.64    -56.20    -6
41510         0.00    194.00    562.00     34.79    -50.27    -6
41934         0.00    194.00    562.00     34.93    -64.35    -6
52665         0.00    194.00    562.00     35.65   -169.83   -11
21950         0.00    180.00    562.00     38.02    170.59    12
21625         0.00    180.00    562.00     38.04   -150.96   -10
42505         0.00    194.00    562.00     38.98    -40.57    -6
21965         0.00    194.00    562.00     40.31    169.75    12
21901         0.00    180.00    562.00     41.28   -150.37   -10
21916         0.00    180.00    562.00     41.41    177.89   -11
62714         0.00    180.00    562.00     42.70    -25.34    -6
46589         0.00    180.00    562.00     50.84    168.64    11
65602         0.00    180.00    562.00     51.95    -30.81    -6
21522         0.00    180.00    562.00     53.19   -171.37   -10
46565         0.00    194.00    562.00     54.85   -138.81    -9
44515         0.00    180.00    562.00     60.58     -8.20    -6
26545         0.00    180.00    562.00     70.57    -13.44    -7
64553         0.00    180.00    562.00     73.79      5.77    -7
64973         0.00    180.00    562.00     81.72     21.20   -10
48278         0.00    180.00    562.00     81.94   -158.44   -10
48770         0.00    180.00    562.00     84.04    -93.78    -9
48600         0.00    180.00    562.00     84.76    -27.84    -9
26567         0.00    180.00    562.00     86.61     60.09   -10
26571         0.00    180.00    562.00     87.08     50.19   -10
26566         0.00    180.00    562.00     87.45     55.89   -10
26565         0.00    180.00    562.00     87.74     58.96   -10
51816         0.00    194.00    562.00      8.84   -119.43    -8
51811         0.00    194.00    562.00      8.89   -118.15    -8
51616         0.00    180.00    562.00     11.23   -142.43    -9
52670         0.00    194.00    562.00     12.30   -160.89   -11
21532         0.00    180.00    562.00     21.89   -139.96    -9
32542         0.00    194.00    562.00     24.03   -145.32    -9
44893         0.00    194.00    562.00     24.41    -55.64    -6
13529         0.00    194.00    562.00     27.01    -33.84    -6
44863         0.00    180.00    562.00     28.64    -61.47    -6
51526         0.00    194.00    562.00     30.83   -140.92    -9
13588         0.00    194.00    562.00     33.42    -46.28    -6
41974         0.00    194.00    562.00     34.17    -53.74    -6
43556         0.00    194.00    562.00     34.31    -35.60    -6
41970         0.00    180.00    562.00     34.38    -70.83    -6
21904         0.00    180.00    562.00     34.51   -178.39   -11
13601         0.00    194.00    562.00     34.80    -61.02    -6
44875         0.00    180.00    562.00     36.00    -39.66    -6
44856         0.00    180.00    562.00     37.23    -37.26    -6
21544         0.00    180.00    562.00     39.10   -146.93   -10
21855         0.00    180.00    562.00     39.42   -153.50   -10
21946         0.00    180.00    562.00     39.68   -134.77    -9
52801         0.00    194.00    562.00     42.29    169.41    12
46583         0.00    180.00    562.00     55.73   -139.82    -9
64526         0.00    180.00    562.00     65.22    -57.38    -6
65519         0.00    180.00    562.00     66.23     -3.05    -7
48792         0.00    180.00    562.00     73.88   -179.53    11
63564         0.00    194.00    562.00     75.63     12.80    -9
64760         0.00    180.00    562.00     82.20     13.55    -9
64476         0.00    180.00    562.00     82.20     13.55    -9
48277         0.00    180.00    562.00     84.19   -154.90   -10
48510         0.00    180.00    562.00     84.95    176.66   -11
26568         0.00    180.00    562.00     85.36     70.08   -11
26567         0.00    180.00    562.00     86.61     59.96   -10
26571         0.00    180.00    562.00     87.08     50.02   -10
26566         0.00    180.00    562.00     87.46     55.70   -10
25622         0.00    180.00    562.00     87.62     39.07   -10
26565         0.00    180.00    562.00     87.75     58.78   -10
51817         0.00    194.00    562.00      7.93   -113.29    -8
32802         0.00    194.00    562.00     11.90   -140.61    -9
51615         0.00    180.00    562.00     15.97   -138.86    -9
41599         0.00    180.00    562.00     27.82    -77.23    -6
13902         0.00    194.00    562.00     29.01    -60.58    -6
44843         0.00    194.00    562.00     31.31    -23.89    -6
62726         0.00    194.00    562.00     31.81    -54.80    -6
44891         0.00    180.00    562.00     32.93    -58.31    -6
41679         0.00    194.00    562.00     34.55    -60.86    -6
44558         0.00    180.00    562.00     35.09    -55.38    -6
13602         0.00    194.00    562.00     35.43    -57.61    -6
13521         0.00    194.00    562.00     35.62    -50.17    -6
44904         0.00    180.00    562.00     43.68    -21.90    -6
44777         0.00    180.00    562.00     44.17    -51.33    -6
44772         0.00    180.00    562.00     49.11    -26.43    -6
46660         0.00    180.00    562.00     58.72   -151.80    -9
47509         0.00    180.00    562.00     59.02    -40.46    -6
44515         0.00    180.00    562.00     60.59     -8.32    -6
48731         0.00    180.00    562.00     70.90   -100.15    -7
64519         0.00    180.00    562.00     75.35      4.89    -8
25525         0.00    194.00    562.00     81.66    125.02    11
64476         0.00    180.00    562.00     82.10     13.34    -9
26567         0.00    180.00    562.00     86.62     59.83   -10
26571         0.00    180.00    562.00     87.08     49.86   -10
26566         0.00    180.00    562.00     87.47     55.51   -10
26565         0.00    180.00    562.00     87.75     58.59   -10
42390         0.00    180.00    561.00     26.10    -94.90    -8
32914         0.00    194.00    562.00      8.17   -109.45    -8
51797         0.00    194.00    562.00      8.81   -121.72    -8
51787         0.00    194.00    562.00     13.42   -151.33   -10
32741         0.00    194.00    562.00     14.54   -150.47   -10
43534         0.00    180.00    562.00     20.31   -158.04   -11
51806         0.00    194.00    562.00     21.65   -169.75   -11
31863         0.00    180.00    562.00     23.68    -70.23    -6
13519         0.00    180.00    562.00     27.93    -72.66    -6
52607         0.00    194.00    562.00     34.66    166.77   -11
41597         0.00    180.00    562.00     35.26    -55.04    -6
21924         0.00    194.00    562.00     36.12   -164.60   -11
21525         0.00    180.00    562.00     37.21   -178.87   -11
44775         0.00    180.00    562.00     38.00    -50.03    -6
21537         0.00    194.00    562.00     38.41   -148.78   -10
44510         0.00    180.00    562.00     43.79    -50.41    -6
47546         0.00    180.00    562.00     44.30    -52.20    -6
46538         0.00    194.00    562.00     52.90   -133.18    -9
46522         0.00    180.00    562.00     57.63   -151.40    -9
46905         0.00    194.00    562.00     58.40   -141.61    -9
63567         0.00    194.00    562.00     69.08     10.43    -7
64547         0.00    180.00    562.00     70.87      4.82    -7
63565         0.00    194.00    562.00     71.40     14.77    -9
64553         0.00    180.00    562.00     73.80      5.88    -7
63561         0.00    180.00    562.00     75.43      9.11    -9
48278         0.00    180.00    562.00     81.94   -158.32   -10
64476         0.00    180.00    562.00     81.98     13.17    -9
48600         0.00    180.00    562.00     84.75    -27.69    -9
26567         0.00    180.00    562.00     86.62     59.69   -10
26571         0.00    180.00    562.00     87.08     49.71   -10
26566         0.00    180.00    562.00     87.47     55.33   -10
26565         0.00    180.00    562.00     87.76     58.40   -10
51819         0.00    194.00    562.00      7.64   -118.37    -8
32629         0.00    194.00    562.00      9.10   -103.14    -8
51810         0.00    194.00    562.00      9.40   -118.18    -8
51635         0.00    194.00    562.00     12.22   -118.92    -8
43546         0.00    180.00    562.00     13.87   -102.56    -8
51800         0.00    194.00    562.00     15.31   -149.12   -10
46930         0.00    194.00    562.00     21.01   -173.74   -11
42501         0.00    194.00    562.00     28.24    -56.10    -6
21890         0.00    194.00    562.00     29.06   -132.57    -8
13515         0.00    180.00    562.00     29.09    -54.38    -6
21580         0.00    180.00    562.00     32.02   -178.86   -11
21856         0.00    180.00    562.00     33.81   -171.95   -11
43577         0.00    194.00    562.00     35.20    -21.34    -6
41936         0.00    180.00    562.00     37.05    -41.91    -6
22628         0.00    180.00    562.00     42.42   -153.49   -10
21574         0.00    180.00    562.00     44.17   -155.83   -10
25617         0.00    180.00    562.00     50.41    -33.24    -6
65515         0.00    180.00    562.00     58.35    -36.00    -6
64551         0.00    180.00    562.00     58.58    -38.79    -6
46660         0.00    180.00    562.00     58.73   -151.94    -9
44761         0.00    180.00    562.00     60.89      0.09    -7
64666         0.00    180.00    562.00     68.90    -19.03    -7
26545         0.00    180.00    562.00     70.60    -13.33    -7
64547         0.00    180.00    562.00     70.91      4.94    -7
48623         0.00    180.00    562.00     72.32   -177.85    11
48793         0.00    180.00    562.00     74.10   -172.99   -12
48790         0.00    180.00    562.00     76.02    174.99    11
48279         0.00    180.00    562.00     79.84   -164.65   -11
48273         0.00    180.00    562.00     81.17   -147.95   -10
48283         0.00    180.00    562.00     81.50   -136.77    -9
64760         0.00    180.00    562.00     81.87     13.41    -9
64476         0.00    180.00    562.00     81.87     13.42    -9
64757         0.00    180.00    562.00     81.95     -4.12    -9
48277         0.00    180.00    562.00     84.20   -154.79   -10
48280         0.00    180.00    562.00     84.56   -136.63   -10
48274         0.00    180.00    562.00     84.60   -118.58    -9
48508         0.00    180.00    562.00     85.12    -98.65    -9
26567         0.00    180.00    562.00     86.63     59.55   -10
26571         0.00    180.00    562.00     87.08     49.54   -10
26566         0.00    180.00    562.00     87.47     55.15   -10
25622         0.00    180.00    562.00     87.61     38.51   -10
26565         0.00    180.00    562.00     87.76     58.21   -10
25623         0.00    180.00    562.00     89.28    -56.45   -10
51613         0.00    194.00    562.00      3.83    -78.04    -8
51624         0.00    180.00    562.00      8.91   -119.69    -8
32667         0.00    194.00    562.00      9.83   -102.69    -8
43525         0.00    194.00    562.00     13.85   -132.05    -8
51801         0.00    194.00    562.00     15.26   -150.32   -10
52663         0.00    194.00    562.00     16.11   -169.12   -11
43541         0.00    194.00    562.00     21.14   -140.09    -9
43572         0.00    194.00    562.00     22.63    -89.51    -8
52669         0.00    194.00    562.00     23.84   -162.25   -11
41975         0.00    180.00    562.00     26.67    -46.78    -6
13633         0.00    180.00    562.00     27.14    -52.59    -6
41558         0.00    194.00    562.00     29.45    -47.90    -6
13639         0.00    194.00    562.00     29.69    -65.68    -6
41575         0.00    194.00    562.00     29.77    -76.82    -6
13637         0.00    194.00    562.00     34.52    -56.08    -6
44745         0.00    194.00    562.00     35.00    -31.54    -6
44558         0.00    180.00    562.00     35.01    -55.22    -6
41685         0.00    194.00    562.00     36.12    -68.39    -6
13909         0.00    194.00    562.00     37.45    -60.75    -6
52606         0.00    194.00    562.00     38.58    158.10    12
21544         0.00    180.00    562.00     38.96   -146.86   -10
21539         0.00    180.00    562.00     42.51   -130.20    -9
44901         0.00    180.00    562.00     46.60    -35.85    -6
46534         0.00    180.00    562.00     60.10    171.48    11
48731         0.00    180.00    562.00     70.87   -100.03    -7
63566         0.00    194.00    562.00     71.85     16.93    -9
64973         0.00    180.00    562.00     81.67     21.33   -10
25525         0.00    194.00    562.00     81.67    125.15    11
64476         0.00    180.00    562.00     81.79     13.57    -9
48278         0.00    180.00    562.00     81.95   -158.21   -10
26568         0.00    180.00    562.00     85.40     69.93   -11
26567         0.00    180.00    562.00     86.63     59.40   -10
26571         0.00    180.00    562.00     87.08     49.36   -10
26566         0.00    180.00    562.00     87.47     54.96   -10
26565         0.00    180.00    562.00     87.77     58.03   -10
32725         0.00    194.00    562.00     -3.43   -145.85    -9
44624         0.00    180.00    562.00     28.09    -58.47    -6
52607         0.00    194.00    562.00     34.52    166.86   -11
21904         0.00    180.00    562.00     34.53   -178.26   -11
44873         0.00    180.00    562.00     35.32    -44.61    -6
46613         0.00    180.00    562.00     36.10   -141.09    -9
21954         0.00    180.00    562.00     36.94    171.58   -11
44775         0.00    180.00    562.00     37.86    -50.06    -6
21950         0.00    180.00    562.00     37.89    170.68    12
21625         0.00    180.00    562.00     37.92   -150.95   -10
21857         0.00    180.00    562.00     40.42   -151.09   -10
21944         0.00    180.00    562.00     40.94   -160.10   -11
21901         0.00    180.00    562.00     41.23   -150.25   -10
21914         0.00    180.00    562.00     41.75   -138.41    -9
46532         0.00    180.00    562.00     45.11   -144.57   -10
21530         0.00    180.00    562.00     46.30   -151.90   -10
44772         0.00    180.00    562.00     48.40    -25.59    -6
21955         0.00    180.00    562.00     49.81   -168.37   -11
44765         0.00    180.00    562.00     49.93    -30.05    -6
64553         0.00    180.00    562.00     73.81      5.99    -7
64476         0.00    180.00    562.00     81.69     13.79    -9
48600         0.00    180.00    562.00     84.74    -27.54    -9
26567         0.00    180.00    562.00     86.64     59.25   -10
26571         0.00    180.00    562.00     87.08     49.19   -10
26566         0.00    180.00    562.00     87.48     54.77   -10
26565         0.00    180.00    562.00     87.77     57.86   -10
51797         0.00    194.00    562.00      8.76   -121.61    -8
51812         0.00    194.00    562.00      8.93   -115.66    -8
44885         0.00    180.00    562.00     16.31    -52.94    -6
41678         0.00    194.00    562.00     23.18    -79.75    -7
43576         0.00    194.00    562.00     24.80    -94.04    -8
44887         0.00    180.00    562.00     29.57    -45.77    -6
41991         0.00    194.00    562.00     31.50    -55.73    -6
41506         0.00    180.00    562.00     31.53    -49.91    -6
13625         0.00    194.00    562.00     31.81    -72.76    -6
13624         0.00    194.00    562.00     32.01    -52.48    -6
21741         0.00    194.00    562.00     33.03    171.24   -11
46559         0.00    194.00    562.00     33.11   -163.26   -11
41970         0.00    180.00    562.00     34.40    -70.96    -6
41934         0.00    194.00    562.00     34.90    -64.47    -6
41597         0.00    180.00    562.00     35.18    -54.93    -6
13602         0.00    194.00    562.00     35.38    -57.72    -6
21915         0.00    180.00    562.00     35.82   -148.81   -10
46901         0.00    180.00    562.00     36.39   -142.64    -9
44869         0.00    194.00    562.00     37.33    -20.94    -6
42505         0.00    194.00    562.00     39.04    -40.68    -6
52841         0.00    194.00    562.00     39.41    169.06    12
21916         0.00    180.00    562.00     41.48    178.00   -11
21934         0.00    180.00    562.00     42.93   -170.45   -11
44857         0.00    180.00    562.00     43.88    -25.71    -6
47551         0.00    180.00    562.00     47.53    -47.95    -6
65602         0.00    180.00    562.00     52.00    -30.69    -6
65514         0.00    180.00    562.00     53.07    -24.64    -6
47540         0.00    180.00    562.00     53.08    -21.90    -6
21545         0.00    180.00    562.00     55.95   -155.33    -9
46519         0.00    180.00    562.00     56.60   -150.39    -9
48731         0.00    180.00    562.00     70.81    -99.92    -7
48507         0.00    180.00    562.00     72.97   -104.91    -7
64519         0.00    180.00    562.00     75.33      5.00    -8
48791         0.00    180.00    562.00     78.56   -166.04   -11
48279         0.00    180.00    562.00     79.85   -164.51   -11
48273         0.00    180.00    562.00     81.17   -147.82   -10
64760         0.00    180.00    562.00     81.59     14.07    -9
64476         0.00    180.00    562.00     81.59     14.08    -9
64757         0.00    180.00    562.00     81.93     -4.01    -9
48278         0.00    180.00    562.00     81.95   -158.10   -10
48276         0.00    180.00    562.00     83.89    -95.43    -9
48277         0.00    180.00    562.00     84.20   -154.68   -10
48510         0.00    180.00    562.00     84.95    176.86   -11
26568         0.00    180.00    562.00     85.42     69.82   -11
26567         0.00    180.00    562.00     86.64     59.10   -10
26571         0.00    180.00    562.00     87.08     49.02   -10
26566         0.00    180.00    562.00     87.48     54.59   -10
25622         0.00    180.00    562.00     87.61     37.97   -10
26565         0.00    180.00    562.00     87.77     57.70   -10
25623         0.00    180.00    562.00     89.28    -56.10   -10
51811         0.00    194.00    562.00      8.87   -118.04    -8
32644         0.00    194.00    562.00      9.85   -125.68    -8
51648         0.00    194.00    562.00     10.35   -123.50    -8
32679         0.00    194.00    562.00     10.97   -102.83    -8
32668         0.00    194.00    562.00     20.64   -150.21   -10
43535         0.00    180.00    562.00     26.41   -155.07   -11
41599         0.00    180.00    562.00     27.78    -77.34    -6
41731         0.00    180.00    562.00     30.77    -60.17    -6
52679         0.00    194.00    562.00     33.18    171.01   -11
44776         0.00    180.00    562.00     33.32    -26.87    -6
21899         0.00    180.00    562.00     33.87   -154.98   -10
13636         0.00    194.00    562.00     34.14    -48.65    -6
41679         0.00    194.00    562.00     34.68    -60.89    -6
13521         0.00    194.00    562.00     35.59    -50.06    -6
44875         0.00    180.00    562.00     36.11    -39.69    -6
21961         0.00    180.00    562.00     43.17    168.02    12
21925         0.00    180.00    562.00     43.81   -135.26    -9
46915         0.00    180.00    562.00     44.17   -171.45   -11
47560         0.00    180.00    562.00     51.39    -22.69    -6
46527         0.00    180.00    562.00     54.20   -146.99    -9
25575         0.00    180.00    562.00     56.70    -51.80    -6
48283         0.00    180.00    562.00     81.49   -136.66    -9
64476         0.00    180.00    562.00     81.49     14.24    -9
64973         0.00    180.00    562.00     81.63     21.48   -10
48280         0.00    180.00    562.00     84.56   -136.52   -10
26567         0.00    180.00    562.00     86.64     58.96   -10
26571         0.00    180.00    562.00     87.08     48.85   -10
26566         0.00    180.00    562.00     87.48     54.42   -10
26565         0.00    180.00    562.00     87.77     57.55   -10
41690         0.00    194.00    562.00     20.47    -73.08    -6
43550         0.00    194.00    562.00     22.22   -147.39   -10
46926         0.00    194.00    562.00     22.94   -156.52   -11
31863         0.00    180.00    562.00     23.70    -70.34    -6
13902         0.00    194.00    562.00     28.90    -60.59    -6
51778         0.00    194.00    562.00     31.79   -159.04   -11
