0
17.9503453
38.2458341
61.1849965
87.1023027
116.371945
149.412021
186.687974
228.717396
276.074174
329.392298
389.370786
456.777667
532.451603
617.304279
712.32086
818.559073
937.146107
1069.27399
1216.19032
1379.18775
1559.58787
1758.72268
1977.91114
2218.43268
2481.49661
2768.21048
3079.54519
3416.30196
3779.08033
4168.25032
4583.93023
5025.97142
5493.95307
5987.18549
6504.72411
7045.39193
7607.81208
8190.4464
8791.63721
9409.65509
10042.7445
10689.1703
11349.0814
12031.2314
12736.7556
13465.4977
14217.4942
14993.0201
15792.6449
16617.2976
17468.5102
18348.6137
19260.8685
20209.8504
21204.7084
22255.2887
23372.9194
24573.2753
25878.712
