0
20
40.66529367
62.46594201
85.65002716
110.3430214
136.6372868
164.6250557
194.4034841
226.0754028
259.7498096
295.5412464
333.5683863
373.9532022
416.8213132
462.3027914
510.5327243
561.6515303
615.805165
673.145167
733.8284977
798.0172492
865.8783056
937.583027
1013.307019
1093.230035
1177.535868
1266.411726
1360.046477
1458.628156
1562.341914
1671.369056
1785.886689
1906.067364
2032.078485
2164.081534
2302.231288
2446.675096
2597.551957
2754.991131
2919.110377
3090.014121
3267.791796
3452.516567
3644.244566
3843.014576
4048.848005
4261.748886
4481.703552
4708.679734
4942.6252
5183.466577
5431.108853
5685.435661
5946.31024
6213.577094
6487.064368
6766.586615
7051.947943
7342.946111
7639.378246
7941.048106
8247.774047
8559.396535
8875.784383
9196.83994
9522.503468
9852.755973
10187.61924
10527.15236
10871.44483
11220.60729
11574.76102
11934.02546
12298.50389
12668.27374
13043.38987
13423.90042
13809.86745
14201.39012
14598.63399
15001.86685
15411.49576
15828.10056
16252.46312
16685.59236
17128.74083
17583.4167
18051.40921
18534.82305
19036.06975
19557.78629
20102.73301
20673.73934
21273.73482
21905.71833
22573.18855
23279.64418
24029.08371
24826.00548
25675.4076
26582.78801
27553.94455
28595.0749
29712.97651
30914.84669
32208.18263
33600.48152
35098.74076
36708.45826
38432.13311
40270.96486
42225.05346
44293.8991
46476.20227
48770.46354
51174.68364
53686.36351
56302.50429
59019.60727
61834.17376
64742.70508
67742.00243
70828.76703
74000.00002
