0
20
40.67866401
62.51618125
85.76635171
110.5573535
136.9832002
165.1375343
195.1184893
227.0287856
260.9758229
297.0717429
335.433502
376.1829363
419.4467587
465.3564842
514.0483488
565.6632866
620.3469255
678.2494558
739.5253134
804.332819
872.833945
945.1941105
1021.581721
1102.167466
1187.123735
1276.62424
1370.843492
1469.955955
1574.135093
1683.552462
1798.376823
1918.773284
2044.902373
2176.918889
2314.970646
2459.197424
2609.730029
2766.689169
2930.184284
3100.31262
3277.158349
3460.791458
3651.266776
3848.623439
4052.884501
4264.056461
4482.128849
4707.074002
4938.84708
5177.386297
5422.613241
5674.433343
5932.736634
6197.398655
6468.281447
6745.234678
7028.096861
7316.69664
7610.854275
7910.383319
8215.092309
8524.786374
8839.268954
9158.343615
9481.81585
9809.503189
10141.29252
10477.28588
10817.95324
11164.0849
11516.49843
11875.76061
12242.1564
12615.82817
12996.89592
13385.50169
13781.8186
14186.05518
14598.46049
15019.32963
15449.00963
15887.90682
16336.49578
16795.33089
17265.06996
17746.53812
18240.85865
18749.6202
19274.98461
19819.65338
20386.69251
20979.29993
21600.63894
22253.80369
22941.86999
23667.94716
24435.2012
25246.86306
26106.2347
27016.69569
27981.71484
29004.92162
30090.41236
31243.39321
32470.72358
33780.6387
35181.75682
36681.38728
38285.65564
39999.0672
41823.83876
43760.61033
45808.74189
47965.77358
50226.57983
52579.17472
55001.58878
57477.63567
59997.53192
62555.32464
65147.91735
67772.81006
70428.10277
73112.49548
75825.28819
78566.0809