0
19
39.89062
63.42188
90.3125
120.8438
155.25
194.0312
237.8125
287.25
343.0312
405.8125
476.2812
555.2812
643.8125
743
854.0312
978.0625
1116.25
1269.844
1440.219
1628.781
1836.812
2065.531
2316.281
2590.469
2889.344
3213.969
3565.25
3943.719
4349.281
4781.375
5239.5
5723.531
6233.5
6769.125
7329.281
7911.781
8513.812
9132.656
9766.062
10411.91
11068.19
11734.5
12412.91
13106.44
13817.19
14545.78
15291.84
16054.88
16835.16
17634.62
18458.14
19314.44
20214.39
21167.08
22179.47
23262.34
24436.02
25731.17
