     2    65
       0.000  1.00000000
     110.778  0.99667383
     282.842  0.99150476
     493.675  0.98516645
     728.489  0.97810118
     977.488  0.97060218
    1234.121  0.96286573
    1494.070  0.95502145
    1754.733  0.94714758
    2015.024  0.93927683
    2275.350  0.93139683
    2537.657  0.92344854
    2805.470  0.91532463
    3083.888  0.90686958
    3379.488  0.89788207
    3700.138  0.88812036
    4054.713  0.87731037
    4452.732  0.86515632
    4903.914  0.85135329
    5417.706  0.83560116
    6002.776  0.81761904
    6666.524  0.79715950
    7414.624  0.77402187
    8250.629  0.74806382
    9175.658  0.71921076
   10188.173  0.68746255
   11283.870  0.65289721
   12455.668  0.61567163
   13693.799  0.57601919
   14985.962  0.53424477
   16317.536  0.49071741
   17671.773  0.44586148
   19029.940  0.40014719
   20371.317  0.35408159
   21672.950  0.30820134
   22909.050  0.26306915
   24049.862  0.21927556
   25059.879  0.17744805
   25895.316  0.13826864
   26501.100  0.10249770
   26808.558  0.07099241
   26737.141  0.04468675
   26207.271  0.02446221
   25173.659  0.01081580
   23676.686  0.00334929
   21871.172  0.00048633
   19974.242  0.00000000
   18167.336  0.00000000
   16490.255  0.00000000
   14933.720  0.00000000
   13488.736  0.00000000
   12147.222  0.00000000
   10902.456  0.00000000
    9749.315  0.00000000
    8684.234  0.00000000
    7704.898  0.00000000
    6809.642  0.00000000
    5996.607  0.00000000
    5262.727  0.00000000
    4602.672  0.00000000
    4007.948  0.00000000
    3466.409  0.00000000
    2962.545  0.00000000
    2479.015  0.00000000
    2000.000  0.00000000
       0.000  0.00000000
