   1010.970    
   1008.467    
   1005.654    
   1002.447    
   998.8167    
   994.7380    
   990.1570    
   985.0059    
   979.2155    
   972.7153    
   965.4413    
   957.3294    
   948.3013    
   938.2664    
   927.1262    
   914.7834    
   901.1537    
   886.1631    
   869.7397    
   851.8120    
   832.3217    
   811.2410    
   788.5665    
   764.3022    
   738.4677    
   711.1197    
   682.3535    
   652.2972    
   621.1273    
   589.0798    
   556.4269    
   523.4280    
   490.3080    
   457.2752    
   424.5500    
   392.3869    
   361.0683    
   330.8640    
   301.9876    
   274.5853    
   248.7588    
   224.5802    
   202.2555    
   181.8081    
   163.0440    
   145.8251    
   130.0632    
   115.6903    
   102.6348    
   90.80920    
   80.10728    
   70.40272    
   61.55876    
   53.46691    
   46.07345    
   39.36356    
   33.29277    
   27.79288    
   22.79885    
   18.26437    
   14.14815    
   10.39119    
   6.973146    
   4.096679    
