   1011.095
   1008.664
   1005.921
   1002.830
   999.3478
   995.4291
   991.0231
   986.0742
   980.5220
   974.3013
   967.3420
   959.5690
   950.9031
   941.2620
   930.5603
   918.7120
   905.6317
   891.2362
   875.4484
   858.1992
   839.4312
   819.1027
   797.1912
   773.6974
   748.6489
   722.1028
   694.1483
   664.9073
   634.5344
   603.2146
   571.1601
   538.6048
   505.7979
   472.9965
   440.4576
   408.4301
   377.1475
   346.8210
   317.6351
   289.7435
   263.2673
   238.2948
   214.8827
   193.0428
   172.7910
   154.1047
   136.9420
   121.2454
   106.9461
   93.96642
   82.22160
   71.62216
   62.07786
   53.50492
   45.80407
   38.90350
   32.72977
   27.21398
   22.29191

